4.761 1451.0
4.7816 1386.0
4.8022 1405.0
4.8228 1386.0
4.8434 1348.0
4.864 1343.0
4.8846 1308.0
4.9052 1286.0
4.9258 1258.0
4.9464 1298.0
4.967 1279.0
4.9876 1264.0
5.0082 1258.0
5.0288 1269.0
5.0494 1205.0
5.07 1213.0
5.0906 1143.0
5.1112 1171.0
5.1318 1136.0
5.1524 1097.0
5.173 1131.0
5.1936 1147.0
5.2142 1139.0
5.2347 1114.0
5.2553 1093.0
5.2759 1085.0
5.2965 1097.0
5.3171 1149.0
5.3377 1122.0
5.3583 1072.0
5.3789 1048.0
5.3995 1062.0
5.4201 1103.0
5.4407 1059.0
5.4613 1014.0
5.4819 1080.0
5.5025 1089.0
5.5231 1063.0
5.5437 1078.0
5.5643 1114.0
5.5849 1067.0
5.6055 1058.0
5.6261 1092.0
5.6467 1074.0
5.6673 1035.0
5.6879 1083.0
5.7085 989.0
5.7291 1029.0
5.7497 1023.0
5.7703 1024.0
5.7909 1015.0
5.8115 1051.0
5.8321 1023.0
5.8527 982.0
5.8733 1048.0
5.8939 1009.0
5.9145 970.0
5.9351 1030.0
5.9557 1054.0
5.9763 1026.0
5.9969 1025.0
6.0175 1001.0
6.0381 1002.0
6.0586 1042.0
6.0792 982.0
6.0998 980.0
6.1204 957.0
6.141 950.0
6.1616 1030.0
6.1822 998.0
6.2028 997.0
6.2234 953.0
6.244 970.0
6.2646 964.0
6.2852 1011.0
6.3058 961.0
6.3264 925.0
6.347 927.0
6.3676 945.0
6.3882 947.0
6.4088 971.0
6.4294 958.0
6.45 926.0
6.4706 938.0
6.4912 1003.0
6.5118 941.0
6.5324 924.0
6.553 954.0
6.5736 966.0
6.5942 1006.0
6.6148 979.0
6.6354 1008.0
6.656 945.0
6.6766 959.0
6.6972 1041.0
6.7178 987.0
6.7384 952.0
6.759 988.0
6.7796 935.0
6.8002 931.0
6.8208 966.0
6.8414 968.0
6.862 923.0
6.8826 982.0
6.9032 912.0
6.9238 932.0
6.9444 939.0
6.965 913.0
6.9856 935.0
7.0062 998.0
7.0268 962.0
7.0474 934.0
7.068 990.0
7.0886 940.0
7.1092 926.0
7.1298 960.0
7.1504 941.0
7.171 939.0
7.1916 944.0
7.2122 940.0
7.2328 957.0
7.2534 902.0
7.274 908.0
7.2946 928.0
7.3152 940.0
7.3358 961.0
7.3564 976.0
7.377 974.0
7.3976 962.0
7.4182 907.0
7.4388 971.0
7.4594 954.0
7.48 968.0
7.5006 918.0
7.5212 952.0
7.5418 953.0
7.5624 945.0
7.583 926.0
7.6036 928.0
7.6242 928.0
7.6448 945.0
7.6654 936.0
7.686 933.0
7.7066 937.0
7.7272 923.0
7.7478 947.0
7.7684 866.0
7.7891 937.0
7.8097 903.0
7.8303 954.0
7.8509 950.0
7.8715 935.0
7.8921 963.0
7.9127 946.0
7.9333 909.0
7.9539 923.0
7.9745 951.0
7.9951 937.0
8.0157 980.0
8.0363 935.0
8.0569 924.0
8.0775 924.0
8.0981 908.0
8.1187 975.0
8.1393 931.0
8.1599 952.0
8.1805 917.0
8.2011 924.0
8.2217 907.0
8.2423 966.0
8.2629 941.0
8.2835 937.0
8.3041 947.0
8.3247 953.0
8.3453 950.0
8.3659 934.0
8.3865 946.0
8.4071 954.0
8.4277 991.0
8.4483 980.0
8.4689 978.0
8.4895 943.0
8.5101 923.0
8.5307 912.0
8.5513 938.0
8.5719 923.0
8.5925 899.0
8.6132 959.0
8.6338 963.0
8.6544 967.0
8.675 967.0
8.6956 942.0
8.7162 983.0
8.7368 983.0
8.7574 959.0
8.778 941.0
8.7986 939.0
8.8192 968.0
8.8398 953.0
8.8604 926.0
8.881 994.0
8.9016 984.0
8.9222 941.0
8.9428 922.0
8.9634 977.0
8.984 1038.0
9.0046 965.0
9.0252 994.0
9.0458 1022.0
9.0664 963.0
9.087 1001.0
9.1076 965.0
9.1282 977.0
9.1489 989.0
9.1695 951.0
9.1901 939.0
9.2107 975.0
9.2313 934.0
9.2519 938.0
9.2725 975.0
9.2931 1020.0
9.3137 1005.0
9.3343 962.0
9.3549 975.0
9.3755 947.0
9.3961 946.0
9.4167 946.0
9.4373 975.0
9.4579 954.0
9.4785 945.0
9.4991 982.0
9.5197 993.0
9.5403 973.0
9.5609 961.0
9.5816 970.0
9.6022 933.0
9.6228 953.0
9.6434 952.0
9.664 965.0
9.6846 908.0
9.7052 943.0
9.7258 929.0
9.7464 908.0
9.767 917.0
9.7876 896.0
9.8082 897.0
9.8288 937.0
9.8494 966.0
9.87 983.0
9.8906 952.0
9.9112 901.0
9.9318 903.0
9.9525 919.0
9.9731 929.0
9.9937 965.0
10.0143 923.0
10.0349 939.0
10.0555 927.0
10.0761 905.0
10.0967 960.0
10.1173 952.0
10.1379 950.0
10.1585 969.0
10.1791 892.0
10.1997 885.0
10.2203 945.0
10.2409 991.0
10.2615 941.0
10.2822 879.0
10.3028 915.0
10.3234 968.0
10.344 948.0
10.3646 996.0
10.3852 928.0
10.4058 906.0
10.4264 911.0
10.447 899.0
10.4676 916.0
10.4882 901.0
10.5088 884.0
10.5294 909.0
10.55 884.0
10.5706 880.0
10.5913 927.0
10.6119 935.0
10.6325 900.0
10.6531 905.0
10.6737 914.0
10.6943 935.0
10.7149 913.0
10.7355 904.0
10.7561 879.0
10.7767 905.0
10.7973 893.0
10.8179 904.0
10.8385 917.0
10.8592 854.0
10.8798 869.0
10.9004 891.0
10.921 950.0
10.9416 873.0
10.9622 892.0
10.9828 878.0
11.0034 876.0
11.024 929.0
11.0446 897.0
11.0652 889.0
11.0858 874.0
11.1064 877.0
11.1271 833.0
11.1477 823.0
11.1683 868.0
11.1889 870.0
11.2095 848.0
11.2301 872.0
11.2507 879.0
11.2713 864.0
11.2919 852.0
11.3125 898.0
11.3331 897.0
11.3537 884.0
11.3744 866.0
11.395 893.0
11.4156 905.0
11.4362 892.0
11.4568 858.0
11.4774 861.0
11.498 868.0
11.5186 861.0
11.5392 833.0
11.5598 860.0
11.5804 848.0
11.6011 824.0
11.6217 828.0
11.6423 851.0
11.6629 856.0
11.6835 848.0
11.7041 830.0
11.7247 831.0
11.7453 826.0
11.7659 858.0
11.7865 817.0
11.8071 820.0
11.8278 817.0
11.8484 836.0
11.869 797.0
11.8896 867.0
11.9102 856.0
11.9308 850.0
11.9514 851.0
11.972 844.0
11.9926 806.0
12.0132 809.0
12.0339 773.0
12.0545 805.0
12.0751 871.0
12.0957 839.0
12.1163 837.0
12.1369 850.0
12.1575 785.0
12.1781 841.0
12.1987 814.0
12.2193 790.0
12.24 804.0
12.2606 832.0
12.2812 809.0
12.3018 785.0
12.3224 806.0
12.343 800.0
12.3636 792.0
12.3842 803.0
12.4048 790.0
12.4255 810.0
12.4461 823.0
12.4667 781.0
12.4873 804.0
12.5079 770.0
12.5285 804.0
12.5491 779.0
12.5697 766.0
12.5903 789.0
12.6109 768.0
12.6316 804.0
12.6522 771.0
12.6728 816.0
12.6934 791.0
12.714 814.0
12.7346 781.0
12.7552 764.0
12.7758 746.0
12.7964 792.0
12.8171 815.0
12.8377 769.0
12.8583 780.0
12.8789 799.0
12.8995 811.0
12.9201 788.0
12.9407 757.0
12.9613 786.0
12.982 806.0
13.0026 766.0
13.0232 775.0
13.0438 766.0
13.0644 783.0
13.085 777.0
13.1056 750.0
13.1262 779.0
13.1468 790.0
13.1675 750.0
13.1881 815.0
13.2087 758.0
13.2293 742.0
13.2499 731.0
13.2705 757.0
13.2911 816.0
13.3117 835.0
13.3324 785.0
13.353 724.0
13.3736 749.0
13.3942 749.0
13.4148 748.0
13.4354 773.0
13.456 791.0
13.4766 736.0
13.4973 741.0
13.5179 742.0
13.5385 745.0
13.5591 756.0
13.5797 735.0
13.6003 768.0
13.6209 753.0
13.6415 731.0
13.6622 757.0
13.6828 781.0
13.7034 786.0
13.724 807.0
13.7446 748.0
13.7652 716.0
13.7858 750.0
13.8065 708.0
13.8271 739.0
13.8477 695.0
13.8683 676.0
13.8889 764.0
13.9095 804.0
13.9301 718.0
13.9507 675.0
13.9714 685.0
13.992 765.0
14.0126 768.0
14.0332 761.0
14.0538 724.0
14.0744 696.0
14.095 779.0
14.1157 777.0
14.1363 704.0
14.1569 741.0
14.1775 735.0
14.1981 731.0
14.2187 733.0
14.2393 708.0
14.26 711.0
14.2806 708.0
14.3012 706.0
14.3218 695.0
14.3424 717.0
14.363 728.0
14.3836 731.0
14.4043 745.0
14.4249 725.0
14.4455 684.0
14.4661 716.0
14.4867 730.0
14.5073 699.0
14.5279 702.0
14.5486 722.0
14.5692 748.0
14.5898 718.0
14.6104 702.0
14.631 659.0
14.6516 696.0
14.6722 714.0
14.6929 704.0
14.7135 695.0
14.7341 680.0
14.7547 709.0
14.7753 724.0
14.7959 701.0
14.8166 697.0
14.8372 734.0
14.8578 751.0
14.8784 718.0
14.899 773.0
14.9196 721.0
14.9402 699.0
14.9609 686.0
14.9815 691.0
15.0021 720.0
15.0227 720.0
15.0433 685.0
15.0639 693.0
15.0846 697.0
15.1052 697.0
15.1258 701.0
15.1464 693.0
15.167 730.0
15.1876 664.0
15.2082 689.0
15.2289 702.0
15.2495 723.0
15.2701 698.0
15.2907 672.0
15.3113 715.0
15.3319 679.0
15.3526 691.0
15.3732 684.0
15.3938 684.0
15.4144 695.0
15.435 696.0
15.4556 724.0
15.4763 717.0
15.4969 692.0
15.5175 689.0
15.5381 682.0
15.5587 660.0
15.5793 690.0
15.6 691.0
15.6206 702.0
15.6412 742.0
15.6618 736.0
15.6824 691.0
15.703 676.0
15.7237 702.0
15.7443 691.0
15.7649 647.0
15.7855 658.0
15.8061 676.0
15.8267 664.0
15.8474 658.0
15.868 674.0
15.8886 680.0
15.9092 677.0
15.9298 686.0
15.9504 671.0
15.9711 712.0
15.9917 656.0
16.0123 642.0
16.0329 660.0
16.0535 706.0
16.0741 687.0
16.0948 656.0
16.1154 695.0
16.136 681.0
16.1566 669.0
16.1772 660.0
16.1979 688.0
16.2185 685.0
16.2391 698.0
16.2597 697.0
16.2803 704.0
16.3009 688.0
16.3216 694.0
16.3422 695.0
16.3628 706.0
16.3834 651.0
16.404 644.0
16.4247 625.0
16.4453 651.0
16.4659 680.0
16.4865 656.0
16.5071 664.0
16.5277 655.0
16.5484 653.0
16.569 681.0
16.5896 693.0
16.6102 635.0
16.6308 647.0
16.6515 692.0
16.6721 647.0
16.6927 632.0
16.7133 619.0
16.7339 629.0
16.7545 656.0
16.7752 627.0
16.7958 654.0
16.8164 636.0
16.837 624.0
16.8576 648.0
16.8783 624.0
16.8989 674.0
16.9195 666.0
16.9401 665.0
16.9607 671.0
16.9814 640.0
17.002 625.0
17.0226 635.0
17.0432 661.0
17.0638 666.0
17.0845 675.0
17.1051 673.0
17.1257 663.0
17.1463 668.0
17.1669 651.0
17.1876 647.0
17.2082 659.0
17.2288 613.0
17.2494 622.0
17.27 625.0
17.2907 670.0
17.3113 651.0
17.3319 666.0
17.3525 627.0
17.3731 626.0
17.3938 628.0
17.4144 621.0
17.435 637.0
17.4556 649.0
17.4762 628.0
17.4969 645.0
17.5175 653.0
17.5381 635.0
17.5587 671.0
17.5793 608.0
17.6 601.0
17.6206 653.0
17.6412 617.0
17.6618 617.0
17.6824 636.0
17.7031 626.0
17.7237 591.0
17.7443 635.0
17.7649 639.0
17.7855 663.0
17.8062 670.0
17.8268 659.0
17.8474 626.0
17.868 616.0
17.8886 659.0
17.9093 624.0
17.9299 632.0
17.9505 593.0
17.9711 636.0
17.9917 628.0
18.0124 656.0
18.033 608.0
18.0536 619.0
18.0742 633.0
18.0949 621.0
18.1155 629.0
18.1361 641.0
18.1567 599.0
18.1773 587.0
18.198 645.0
18.2186 620.0
18.2392 625.0
18.2598 626.0
18.2804 625.0
18.3011 646.0
18.3217 651.0
18.3423 608.0
18.3629 620.0
18.3836 617.0
18.4042 610.0
18.4248 644.0
18.4454 613.0
18.466 604.0
18.4867 627.0
18.5073 625.0
18.5279 675.0
18.5485 643.0
18.5692 667.0
18.5898 653.0
18.6104 634.0
18.631 604.0
18.6516 611.0
18.6723 571.0
18.6929 598.0
18.7135 574.0
18.7341 608.0
18.7548 624.0
18.7754 630.0
18.796 684.0
18.8166 638.0
18.8372 584.0
18.8579 574.0
18.8785 605.0
18.8991 591.0
18.9197 595.0
18.9404 586.0
18.961 596.0
18.9816 600.0
19.0022 608.0
19.0228 599.0
19.0435 578.0
19.0641 607.0
19.0847 583.0
19.1053 573.0
19.126 634.0
19.1466 629.0
19.1672 631.0
19.1878 615.0
19.2085 616.0
19.2291 619.0
19.2497 620.0
19.2703 597.0
19.2909 606.0
19.3116 593.0
19.3322 587.0
19.3528 600.0
19.3734 634.0
19.3941 637.0
19.4147 609.0
19.4353 598.0
19.4559 589.0
19.4766 591.0
19.4972 584.0
19.5178 602.0
19.5384 590.0
19.5591 573.0
19.5797 587.0
19.6003 609.0
19.6209 594.0
19.6416 613.0
19.6622 611.0
19.6828 629.0
19.7034 599.0
19.724 582.0
19.7447 595.0
19.7653 600.0
19.7859 606.0
19.8065 610.0
19.8272 599.0
19.8478 590.0
19.8684 578.0
19.889 612.0
19.9097 601.0
19.9303 577.0
19.9509 590.0
19.9715 606.0
19.9922 564.0
20.0128 549.0
20.0334 547.0
20.054 584.0
20.0747 568.0
20.0953 590.0
20.1159 622.0
20.1365 570.0
20.1572 549.0
20.1778 547.0
20.1984 586.0
20.219 576.0
20.2397 594.0
20.2603 606.0
20.2809 567.0
20.3015 553.0
20.3222 608.0
20.3428 581.0
20.3634 615.0
20.384 604.0
20.4047 575.0
20.4253 637.0
20.4459 619.0
20.4665 611.0
20.4872 572.0
20.5078 601.0
20.5284 612.0
20.549 636.0
20.5697 590.0
20.5903 600.0
20.6109 618.0
20.6316 608.0
20.6522 588.0
20.6728 588.0
20.6934 604.0
20.7141 577.0
20.7347 567.0
20.7553 589.0
20.7759 596.0
20.7966 573.0
20.8172 542.0
20.8378 569.0
20.8584 582.0
20.8791 606.0
20.8997 602.0
20.9203 570.0
20.9409 542.0
20.9616 547.0
20.9822 569.0
21.0028 614.0
21.0234 595.0
21.0441 602.0
21.0647 589.0
21.0853 588.0
21.106 582.0
21.1266 573.0
21.1472 574.0
21.1678 607.0
21.1885 564.0
21.2091 578.0
21.2297 599.0
21.2503 559.0
21.271 554.0
21.2916 529.0
21.3122 596.0
21.3329 574.0
21.3535 563.0
21.3741 561.0
21.3947 567.0
21.4154 582.0
21.436 567.0
21.4566 586.0
21.4772 558.0
21.4979 558.0
21.5185 542.0
21.5391 530.0
21.5598 557.0
21.5804 565.0
21.601 545.0
21.6216 521.0
21.6423 581.0
21.6629 586.0
21.6835 573.0
21.7041 578.0
21.7248 583.0
21.7454 560.0
21.766 584.0
21.7867 585.0
21.8073 583.0
21.8279 559.0
21.8485 551.0
21.8692 563.0
21.8898 555.0
21.9104 520.0
21.9311 562.0
21.9517 556.0
21.9723 594.0
21.9929 583.0
22.0136 546.0
22.0342 566.0
22.0548 553.0
22.0755 542.0
22.0961 529.0
22.1167 538.0
22.1373 559.0
22.158 555.0
22.1786 549.0
22.1992 547.0
22.2199 564.0
22.2405 565.0
22.2611 537.0
22.2817 540.0
22.3024 554.0
22.323 566.0
22.3436 543.0
22.3643 588.0
22.3849 560.0
22.4055 551.0
22.4261 560.0
22.4468 583.0
22.4674 568.0
22.488 550.0
22.5087 541.0
22.5293 554.0
22.5499 562.0
22.5705 557.0
22.5912 526.0
22.6118 567.0
22.6324 570.0
22.6531 567.0
22.6737 567.0
22.6943 554.0
22.715 569.0
22.7356 578.0
22.7562 552.0
22.7768 491.0
22.7975 515.0
22.8181 507.0
22.8387 531.0
22.8594 556.0
22.88 566.0
22.9006 508.0
22.9212 560.0
22.9419 557.0
22.9625 490.0
22.9831 528.0
23.0038 573.0
23.0244 583.0
23.045 582.0
23.0657 570.0
23.0863 552.0
23.1069 546.0
23.1276 548.0
23.1482 530.0
23.1688 545.0
23.1894 528.0
23.2101 526.0
23.2307 514.0
23.2513 555.0
23.272 537.0
23.2926 532.0
23.3132 506.0
23.3339 518.0
23.3545 502.0
23.3751 532.0
23.3957 536.0
23.4164 544.0
23.437 558.0
23.4576 545.0
23.4783 548.0
23.4989 552.0
23.5195 524.0
23.5402 537.0
23.5608 541.0
23.5814 520.0
23.6021 529.0
23.6227 519.0
23.6433 510.0
23.664 553.0
23.6846 529.0
23.7052 520.0
23.7258 518.0
23.7465 533.0
23.7671 545.0
23.7877 544.0
23.8084 536.0
23.829 530.0
23.8496 519.0
23.8703 530.0
23.8909 516.0
23.9115 510.0
23.9322 552.0
23.9528 504.0
23.9734 497.0
23.9941 514.0
24.0147 482.0
24.0353 524.0
24.056 539.0
24.0766 551.0
24.0972 539.0
24.1178 538.0
24.1385 566.0
24.1591 544.0
24.1797 533.0
24.2004 544.0
24.221 525.0
24.2416 512.0
24.2623 519.0
24.2829 512.0
24.3035 482.0
24.3242 496.0
24.3448 542.0
24.3654 517.0
24.3861 524.0
24.4067 502.0
24.4273 492.0
24.448 525.0
24.4686 513.0
24.4892 485.0
24.5099 493.0
24.5305 480.0
24.5511 511.0
24.5718 498.0
24.5924 547.0
24.613 516.0
24.6337 512.0
24.6543 502.0
24.6749 507.0
24.6956 516.0
24.7162 532.0
24.7368 531.0
24.7575 547.0
24.7781 536.0
24.7987 549.0
24.8194 534.0
24.84 505.0
24.8606 488.0
24.8813 492.0
24.9019 517.0
24.9225 496.0
24.9432 526.0
24.9638 524.0
24.9844 528.0
25.0051 532.0
25.0257 528.0
25.0463 541.0
25.067 544.0
25.0876 555.0
25.1082 496.0
25.1289 525.0
25.1495 507.0
25.1701 506.0
25.1908 478.0
25.2114 481.0
25.232 491.0
25.2527 509.0
25.2733 510.0
25.2939 516.0
25.3146 508.0
25.3352 531.0
25.3558 518.0
25.3765 520.0
25.3971 526.0
25.4177 601.0
25.4384 564.0
25.459 576.0
25.4796 604.0
25.5003 678.0
25.5209 736.0
25.5415 855.0
25.5622 1092.0
25.5828 1296.0
25.6035 1145.0
25.6241 907.0
25.6447 863.0
25.6654 795.0
25.686 634.0
25.7066 544.0
25.7273 532.0
25.7479 492.0
25.7685 489.0
25.7892 487.0
25.8098 511.0
25.8304 481.0
25.8511 486.0
25.8717 513.0
25.8923 503.0
25.913 543.0
25.9336 538.0
25.9542 509.0
25.9749 470.0
25.9955 504.0
26.0162 496.0
26.0368 465.0
26.0574 504.0
26.0781 513.0
26.0987 507.0
26.1193 506.0
26.14 530.0
26.1606 489.0
26.1812 479.0
26.2019 482.0
26.2225 479.0
26.2431 489.0
26.2638 467.0
26.2844 497.0
26.305 485.0
26.3257 502.0
26.3463 500.0
26.367 447.0
26.3876 476.0
26.4082 474.0
26.4289 498.0
26.4495 467.0
26.4701 463.0
26.4908 481.0
26.5114 497.0
26.532 505.0
26.5527 481.0
26.5733 475.0
26.594 513.0
26.6146 501.0
26.6352 473.0
26.6559 445.0
26.6765 497.0
26.6971 472.0
26.7178 477.0
26.7384 515.0
26.759 510.0
26.7797 486.0
26.8003 457.0
26.821 503.0
26.8416 513.0
26.8622 477.0
26.8829 512.0
26.9035 454.0
26.9241 455.0
26.9448 481.0
26.9654 503.0
26.9861 486.0
27.0067 477.0
27.0273 464.0
27.048 459.0
27.0686 478.0
27.0892 464.0
27.1099 484.0
27.1305 467.0
27.1512 468.0
27.1718 490.0
27.1924 482.0
27.2131 483.0
27.2337 466.0
27.2543 491.0
27.275 488.0
27.2956 475.0
27.3163 505.0
27.3369 471.0
27.3575 491.0
27.3782 479.0
27.3988 446.0
27.4194 467.0
27.4401 471.0
27.4607 463.0
27.4814 465.0
27.502 461.0
27.5226 469.0
27.5433 478.0
27.5639 455.0
27.5845 475.0
27.6052 474.0
27.6258 477.0
27.6465 459.0
27.6671 450.0
27.6877 450.0
27.7084 465.0
27.729 440.0
27.7496 469.0
27.7703 460.0
27.7909 435.0
27.8116 448.0
27.8322 462.0
27.8528 469.0
27.8735 478.0
27.8941 475.0
27.9148 494.0
27.9354 482.0
27.956 447.0
27.9767 459.0
27.9973 435.0
28.0179 481.0
28.0386 423.0
28.0592 435.0
28.0799 491.0
28.1005 479.0
28.1211 463.0
28.1418 451.0
28.1624 436.0
28.1831 460.0
28.2037 460.0
28.2243 485.0
28.245 460.0
28.2656 462.0
28.2863 491.0
28.3069 490.0
28.3275 462.0
28.3482 453.0
28.3688 458.0
28.3895 477.0
28.4101 469.0
28.4307 455.0
28.4514 461.0
28.472 471.0
28.4927 434.0
28.5133 431.0
28.5339 449.0
28.5546 431.0
28.5752 467.0
28.5959 464.0
28.6165 513.0
28.6371 456.0
28.6578 416.0
28.6784 399.0
28.6991 409.0
28.7197 448.0
28.7403 452.0
28.761 457.0
28.7816 457.0
28.8023 466.0
28.8229 477.0
28.8435 445.0
28.8642 433.0
28.8848 483.0
28.9055 453.0
28.9261 463.0
28.9467 448.0
28.9674 456.0
28.988 440.0
29.0087 439.0
29.0293 441.0
29.0499 440.0
29.0706 444.0
29.0912 455.0
29.1119 438.0
29.1325 409.0
29.1531 430.0
29.1738 436.0
29.1944 422.0
29.2151 428.0
29.2357 396.0
29.2563 429.0
29.277 415.0
29.2976 437.0
29.3183 460.0
29.3389 461.0
29.3595 431.0
29.3802 435.0
29.4008 430.0
29.4215 426.0
29.4421 438.0
29.4628 401.0
29.4834 453.0
29.504 455.0
29.5247 450.0
29.5453 411.0
29.566 399.0
29.5866 393.0
29.6072 416.0
29.6279 431.0
29.6485 458.0
29.6692 464.0
29.6898 441.0
29.7105 438.0
29.7311 443.0
29.7517 431.0
29.7724 436.0
29.793 444.0
29.8137 419.0
29.8343 379.0
29.8549 413.0
29.8756 427.0
29.8962 428.0
29.9169 422.0
29.9375 419.0
29.9582 418.0
29.9788 406.0
29.9994 425.0
30.0201 431.0
30.0407 414.0
30.0614 398.0
30.082 429.0
30.1026 446.0
30.1233 437.0
30.1439 450.0
30.1646 435.0
30.1852 429.0
30.2059 448.0
30.2265 417.0
30.2471 421.0
30.2678 407.0
30.2884 396.0
30.3091 401.0
30.3297 403.0
30.3504 427.0
30.371 419.0
30.3916 444.0
30.4123 440.0
30.4329 442.0
30.4536 423.0
30.4742 432.0
30.4949 436.0
30.5155 405.0
30.5361 409.0
30.5568 415.0
30.5774 403.0
30.5981 416.0
30.6187 433.0
30.6394 409.0
30.66 402.0
30.6806 414.0
30.7013 415.0
30.7219 413.0
30.7426 419.0
30.7632 410.0
30.7839 378.0
30.8045 368.0
30.8252 406.0
30.8458 447.0
30.8664 395.0
30.8871 399.0
30.9077 392.0
30.9284 427.0
30.949 454.0
30.9697 436.0
30.9903 420.0
31.0109 418.0
31.0316 414.0
31.0522 418.0
31.0729 434.0
31.0935 406.0
31.1142 403.0
31.1348 392.0
31.1555 387.0
31.1761 428.0
31.1967 398.0
31.2174 415.0
31.238 406.0
31.2587 404.0
31.2793 405.0
31.3 420.0
31.3206 402.0
31.3413 425.0
31.3619 394.0
31.3825 382.0
31.4032 407.0
31.4238 399.0
31.4445 401.0
31.4651 425.0
31.4858 409.0
31.5064 447.0
31.5271 418.0
31.5477 430.0
31.5683 430.0
31.589 422.0
31.6096 448.0
31.6303 397.0
31.6509 416.0
31.6716 475.0
31.6922 435.0
31.7129 398.0
31.7335 375.0
31.7541 384.0
31.7748 357.0
31.7954 359.0
31.8161 355.0
31.8367 405.0
31.8574 390.0
31.878 401.0
31.8987 373.0
31.9193 386.0
31.94 402.0
31.9606 399.0
31.9812 417.0
32.0019 373.0
32.0225 397.0
32.0432 358.0
32.0638 364.0
32.0845 363.0
32.1051 385.0
32.1258 371.0
32.1464 382.0
32.1671 385.0
32.1877 383.0
32.2083 401.0
32.229 427.0
32.2496 378.0
32.2703 383.0
32.2909 388.0
32.3116 417.0
32.3322 421.0
32.3529 388.0
32.3735 390.0
32.3942 419.0
32.4148 430.0
32.4355 403.0
32.4561 415.0
32.4767 367.0
32.4974 380.0
32.518 418.0
32.5387 392.0
32.5593 393.0
32.58 377.0
32.6006 373.0
32.6213 408.0
32.6419 378.0
32.6626 383.0
32.6832 402.0
32.7039 406.0
32.7245 376.0
32.7452 408.0
32.7658 411.0
32.7864 404.0
32.8071 370.0
32.8277 403.0
32.8484 377.0
32.869 389.0
32.8897 415.0
32.9103 365.0
32.931 387.0
32.9516 397.0
32.9723 387.0
32.9929 391.0
33.0136 382.0
33.0342 397.0
33.0549 385.0
33.0755 353.0
33.0962 380.0
33.1168 410.0
33.1374 393.0
33.1581 380.0
33.1787 389.0
33.1994 362.0
33.22 378.0
33.2407 371.0
33.2613 400.0
33.282 390.0
33.3026 365.0
33.3233 357.0
33.3439 370.0
33.3646 384.0
33.3852 369.0
33.4059 371.0
33.4265 379.0
33.4472 391.0
33.4678 387.0
33.4885 400.0
33.5091 403.0
33.5298 370.0
33.5504 404.0
33.5711 414.0
33.5917 402.0
33.6123 369.0
33.633 390.0
33.6536 392.0
33.6743 379.0
33.6949 371.0
33.7156 369.0
33.7362 370.0
33.7569 392.0
33.7775 371.0
33.7982 366.0
33.8188 362.0
33.8395 326.0
33.8601 371.0
33.8808 375.0
33.9014 369.0
33.9221 368.0
33.9427 361.0
33.9634 366.0
33.984 369.0
34.0047 385.0
34.0253 402.0
34.046 378.0
34.0666 389.0
34.0873 365.0
34.1079 388.0
34.1286 405.0
34.1492 370.0
34.1699 361.0
34.1905 388.0
34.2112 397.0
34.2318 379.0
34.2525 357.0
34.2731 375.0
34.2938 377.0
34.3144 373.0
34.3351 348.0
34.3557 354.0
34.3764 339.0
34.397 354.0
34.4177 394.0
34.4383 394.0
34.459 363.0
34.4796 361.0
34.5003 367.0
34.5209 378.0
34.5415 390.0
34.5622 372.0
34.5828 344.0
34.6035 383.0
34.6241 379.0
34.6448 368.0
34.6654 371.0
34.6861 368.0
34.7067 352.0
34.7274 369.0
34.748 349.0
34.7687 366.0
34.7893 381.0
34.81 377.0
34.8306 372.0
34.8513 379.0
34.8719 385.0
34.8926 353.0
34.9132 379.0
34.9339 396.0
34.9546 413.0
34.9752 437.0
34.9959 463.0
35.0165 488.0
35.0372 547.0
35.0578 685.0
35.0785 906.0
35.0991 1288.0
35.1198 2014.0
35.1404 3217.0
35.1611 3812.0
35.1817 2691.0
35.2024 1578.0
35.223 1651.0
35.2437 2005.0
35.2643 1743.0
35.285 918.0
35.3056 552.0
35.3263 451.0
35.3469 422.0
35.3676 392.0
35.3882 390.0
35.4089 389.0
35.4295 399.0
35.4502 392.0
35.4708 389.0
35.4915 399.0
35.5121 358.0
35.5328 364.0
35.5534 393.0
35.5741 354.0
35.5947 372.0
35.6154 383.0
35.636 354.0
35.6567 377.0
35.6773 350.0
35.698 338.0
35.7186 372.0
35.7393 346.0
35.7599 353.0
35.7806 357.0
35.8012 340.0
35.8219 340.0
35.8425 337.0
35.8632 347.0
35.8839 372.0
35.9045 376.0
35.9252 351.0
35.9458 350.0
35.9665 371.0
35.9871 377.0
36.0078 367.0
36.0284 334.0
36.0491 328.0
36.0697 335.0
36.0904 340.0
36.111 338.0
36.1317 348.0
36.1523 347.0
36.173 349.0
36.1936 382.0
36.2143 379.0
36.2349 347.0
36.2556 340.0
36.2762 326.0
36.2969 368.0
36.3175 372.0
36.3382 381.0
36.3589 370.0
36.3795 352.0
36.4002 345.0
36.4208 334.0
36.4415 329.0
36.4621 356.0
36.4828 363.0
36.5034 346.0
36.5241 353.0
36.5447 335.0
36.5654 381.0
36.586 363.0
36.6067 335.0
36.6273 317.0
36.648 350.0
36.6686 342.0
36.6893 347.0
36.71 355.0
36.7306 363.0
36.7513 356.0
36.7719 327.0
36.7926 334.0
36.8132 334.0
36.8339 328.0
36.8545 319.0
36.8752 350.0
36.8958 355.0
36.9165 347.0
36.9371 338.0
36.9578 333.0
36.9784 334.0
36.9991 322.0
37.0198 326.0
37.0404 329.0
37.0611 321.0
37.0817 351.0
37.1024 344.0
37.123 330.0
37.1437 326.0
37.1643 345.0
37.185 325.0
37.2056 318.0
37.2263 329.0
37.2469 318.0
37.2676 325.0
37.2883 335.0
37.3089 341.0
37.3296 338.0
37.3502 330.0
37.3709 315.0
37.3915 348.0
37.4122 342.0
37.4328 341.0
37.4535 284.0
37.4741 307.0
37.4948 321.0
37.5155 343.0
37.5361 341.0
37.5568 353.0
37.5774 323.0
37.5981 324.0
37.6187 325.0
37.6394 333.0
37.66 336.0
37.6807 368.0
37.7013 364.0
37.722 385.0
37.7427 430.0
37.7633 513.0
37.784 594.0
37.8046 513.0
37.8253 428.0
37.8459 405.0
37.8666 449.0
37.8872 435.0
37.9079 398.0
37.9285 357.0
37.9492 335.0
37.9699 316.0
37.9905 298.0
38.0112 323.0
38.0318 332.0
38.0525 312.0
38.0731 336.0
38.0938 325.0
38.1144 320.0
38.1351 306.0
38.1558 317.0
38.1764 332.0
38.1971 351.0
38.2177 300.0
38.2384 302.0
38.259 321.0
38.2797 323.0
38.3003 319.0
38.321 302.0
38.3417 313.0
38.3623 301.0
38.383 291.0
38.4036 324.0
38.4243 292.0
38.4449 324.0
38.4656 338.0
38.4862 317.0
38.5069 303.0
38.5276 300.0
38.5482 304.0
38.5689 299.0
38.5895 319.0
38.6102 313.0
38.6308 290.0
38.6515 312.0
38.6722 320.0
38.6928 331.0
38.7135 292.0
38.7341 286.0
38.7548 326.0
38.7754 317.0
38.7961 292.0
38.8167 311.0
38.8374 307.0
38.8581 308.0
38.8787 303.0
38.8994 314.0
38.92 306.0
38.9407 301.0
38.9613 307.0
38.982 294.0
39.0027 308.0
39.0233 311.0
39.044 296.0
39.0646 287.0
39.0853 297.0
39.1059 301.0
39.1266 332.0
39.1473 316.0
39.1679 320.0
39.1886 304.0
39.2092 305.0
39.2299 287.0
39.2505 309.0
39.2712 317.0
39.2919 292.0
39.3125 306.0
39.3332 302.0
39.3538 298.0
39.3745 288.0
39.3951 303.0
39.4158 274.0
39.4365 293.0
39.4571 311.0
39.4778 306.0
39.4984 308.0
39.5191 309.0
39.5397 298.0
39.5604 310.0
39.5811 325.0
39.6017 312.0
39.6224 308.0
39.643 322.0
39.6637 302.0
39.6844 299.0
39.705 299.0
39.7257 299.0
39.7463 290.0
39.767 299.0
39.7876 297.0
39.8083 299.0
39.829 305.0
39.8496 311.0
39.8703 304.0
39.8909 312.0
39.9116 286.0
39.9322 302.0
39.9529 299.0
39.9736 304.0
39.9942 297.0
40.0149 281.0
40.0355 298.0
40.0562 276.0
40.0769 279.0
40.0975 292.0
40.1182 289.0
40.1388 285.0
40.1595 294.0
40.1802 279.0
40.2008 290.0
40.2215 321.0
40.2421 308.0
40.2628 301.0
40.2834 292.0
40.3041 271.0
40.3248 249.0
40.3454 276.0
40.3661 264.0
40.3867 273.0
40.4074 262.0
40.4281 278.0
40.4487 294.0
40.4694 247.0
40.49 280.0
40.5107 276.0
40.5314 258.0
40.552 268.0
40.5727 272.0
40.5933 274.0
40.614 264.0
40.6346 280.0
40.6553 284.0
40.676 270.0
40.6966 253.0
40.7173 256.0
40.7379 273.0
40.7586 262.0
40.7793 250.0
40.7999 253.0
40.8206 299.0
40.8412 272.0
40.8619 261.0
40.8826 268.0
40.9032 247.0
40.9239 260.0
40.9445 284.0
40.9652 276.0
40.9859 262.0
41.0065 281.0
41.0272 251.0
41.0478 242.0
41.0685 248.0
41.0892 239.0
41.1098 271.0
41.1305 241.0
41.1511 262.0
41.1718 263.0
41.1925 266.0
41.2131 245.0
41.2338 256.0
41.2544 250.0
41.2751 250.0
41.2958 228.0
41.3164 246.0
41.3371 265.0
41.3577 255.0
41.3784 254.0
41.3991 248.0
41.4197 241.0
41.4404 253.0
41.4611 241.0
41.4817 246.0
41.5024 236.0
41.523 245.0
41.5437 246.0
41.5644 266.0
41.585 246.0
41.6057 253.0
41.6263 284.0
41.647 310.0
41.6677 330.0
41.6883 379.0
41.709 332.0
41.7296 300.0
41.7503 282.0
41.771 283.0
41.7916 281.0
41.8123 291.0
41.8329 269.0
41.8536 261.0
41.8743 241.0
41.8949 223.0
41.9156 218.0
41.9363 216.0
41.9569 240.0
41.9776 234.0
41.9982 234.0
42.0189 242.0
42.0396 232.0
42.0602 220.0
42.0809 245.0
42.1015 241.0
42.1222 226.0
42.1429 209.0
42.1635 230.0
42.1842 213.0
42.2049 210.0
42.2255 204.0
42.2462 238.0
42.2668 229.0
42.2875 217.0
42.3082 218.0
42.3288 216.0
42.3495 232.0
42.3701 229.0
42.3908 215.0
42.4115 226.0
42.4321 243.0
42.4528 242.0
42.4735 231.0
42.4941 236.0
42.5148 211.0
42.5354 203.0
42.5561 208.0
42.5768 244.0
42.5974 223.0
42.6181 196.0
42.6388 212.0
42.6594 222.0
42.6801 221.0
42.7007 202.0
42.7214 213.0
42.7421 219.0
42.7627 204.0
42.7834 218.0
42.8041 227.0
42.8247 213.0
42.8454 201.0
42.866 188.0
42.8867 183.0
42.9074 186.0
42.928 204.0
42.9487 199.0
42.9694 196.0
42.99 201.0
43.0107 195.0
43.0314 214.0
43.052 183.0
43.0727 215.0
43.0933 211.0
43.114 206.0
43.1347 190.0
43.1553 209.0
43.176 228.0
43.1967 213.0
43.2173 213.0
43.238 232.0
43.2586 274.0
43.2793 348.0
43.3 461.0
43.3206 727.0
43.3413 1234.0
43.362 1448.0
43.3826 1041.0
43.4033 560.0
43.424 445.0
43.4446 590.0
43.4653 738.0
43.4859 735.0
43.5066 481.0
43.5273 284.0
43.5479 218.0
43.5686 218.0
43.5893 196.0
43.6099 186.0
43.6306 182.0
43.6513 199.0
43.6719 190.0
43.6926 185.0
43.7132 187.0
43.7339 187.0
43.7546 178.0
43.7752 168.0
43.7959 161.0
43.8166 156.0
43.8372 165.0
43.8579 178.0
43.8786 176.0
43.8992 177.0
43.9199 177.0
43.9406 179.0
43.9612 180.0
43.9819 183.0
44.0025 189.0
44.0232 161.0
44.0439 172.0
44.0645 172.0
44.0852 160.0
44.1059 163.0
44.1265 161.0
44.1472 153.0
44.1679 159.0
44.1885 155.0
44.2092 155.0
44.2299 154.0
44.2505 156.0
44.2712 165.0
44.2919 156.0
44.3125 147.0
44.3332 141.0
44.3539 138.0
44.3745 152.0
44.3952 187.0
44.4158 159.0
44.4365 169.0
44.4572 146.0
44.4778 145.0
44.4985 157.0
44.5192 168.0
44.5398 152.0
44.5605 146.0
44.5812 160.0
44.6018 159.0
44.6225 157.0
44.6432 161.0
44.6638 166.0
44.6845 163.0
44.7052 165.0
44.7258 144.0
44.7465 130.0
44.7672 125.0
44.7878 151.0
44.8085 168.0
44.8292 155.0
44.8498 147.0
44.8705 152.0
44.8912 152.0
44.9118 129.0
44.9325 129.0
44.9532 141.0
44.9738 132.0
44.9945 132.0
45.0151 144.0
45.0358 135.0
45.0565 140.0
45.0771 142.0
45.0978 134.0
45.1185 133.0
45.1391 159.0
45.1598 133.0
45.1805 152.0
45.2011 141.0
45.2218 133.0
45.2425 133.0
45.2631 134.0
45.2838 130.0
45.3045 122.0
45.3251 115.0
45.3458 116.0
45.3665 123.0
45.3871 123.0
45.4078 130.0
45.4285 125.0
45.4491 128.0
45.4698 122.0
45.4905 135.0
45.5111 118.0
45.5318 117.0
45.5525 139.0
45.5731 134.0
45.5938 121.0
45.6145 115.0
45.6351 124.0
45.6558 125.0
45.6765 119.0
45.6971 136.0
45.7178 131.0
45.7385 121.0
45.7591 115.0
45.7798 121.0
45.8005 113.0
45.8211 119.0
45.8418 125.0
45.8625 103.0
45.8832 112.0
45.9038 106.0
45.9245 117.0
45.9452 122.0
45.9658 114.0
45.9865 117.0
46.0072 109.0
46.0278 102.0
46.0485 108.0
46.0692 110.0
46.0898 116.0
46.1105 105.0
46.1312 122.0
46.1518 121.0
46.1725 117.0
46.1932 112.0
46.2138 122.0
46.2345 104.0
46.2552 102.0
46.2758 103.0
46.2965 100.0
46.3172 104.0
46.3378 91.0
46.3585 110.0
46.3792 101.0
46.3998 103.0
46.4205 117.0
46.4412 111.0
46.4618 111.0
46.4825 99.0
46.5032 91.0
46.5239 97.0
46.5445 103.0
46.5652 98.0
46.5859 100.0
46.6065 100.0
46.6272 121.0
46.6479 111.0
46.6685 103.0
46.6892 91.0
46.7099 106.0
46.7305 102.0
46.7512 111.0
46.7719 95.0
46.7925 106.0
46.8132 108.0
46.8339 94.0
46.8545 100.0
46.8752 93.0
46.8959 92.0
46.9166 90.0
46.9372 88.0
46.9579 90.0
46.9786 96.0
46.9992 114.0
47.0199 110.0
47.0406 108.0
47.0612 103.0
47.0819 120.0
47.1026 106.0
47.1232 111.0
47.1439 103.0
47.1646 93.0
47.1853 91.0
47.2059 100.0
47.2266 100.0
47.2473 101.0
47.2679 108.0
47.2886 104.0
47.3093 104.0
47.3299 108.0
47.3506 109.0
47.3713 97.0
47.3919 106.0
47.4126 100.0
47.4333 98.0
47.454 91.0
47.4746 93.0
47.4953 99.0
47.516 114.0
47.5366 89.0
47.5573 95.0
47.578 100.0
47.5986 106.0
47.6193 97.0
47.64 90.0
47.6607 94.0
47.6813 89.0
47.702 81.0
47.7227 80.0
47.7433 81.0
47.764 96.0
47.7847 106.0
47.8053 98.0
47.826 82.0
47.8467 92.0
47.8674 88.0
47.888 91.0
47.9087 94.0
47.9294 96.0
47.95 105.0
47.9707 102.0
47.9914 104.0
48.012 104.0
48.0327 83.0
48.0534 97.0
48.0741 89.0
48.0947 96.0
48.1154 85.0
48.1361 96.0
48.1567 99.0
48.1774 114.0
48.1981 100.0
48.2188 103.0
48.2394 83.0
48.2601 73.0
48.2808 97.0
48.3014 92.0
48.3221 101.0
48.3428 101.0
48.3635 74.0
48.3841 90.0
48.4048 107.0
48.4255 83.0
48.4461 94.0
48.4668 89.0
48.4875 90.0
48.5081 88.0
48.5288 86.0
48.5495 103.0
48.5702 101.0
48.5908 96.0
48.6115 91.0
48.6322 87.0
48.6528 86.0
48.6735 96.0
48.6942 101.0
48.7149 106.0
48.7355 93.0
48.7562 88.0
48.7769 89.0
48.7975 109.0
48.8182 90.0
48.8389 97.0
48.8596 110.0
48.8802 96.0
48.9009 105.0
48.9216 101.0
48.9423 104.0
48.9629 95.0
48.9836 91.0
49.0043 84.0
49.0249 100.0
49.0456 101.0
49.0663 92.0
49.087 91.0
49.1076 93.0
49.1283 89.0
49.149 92.0
49.1696 89.0
49.1903 80.0
49.211 81.0
49.2317 84.0
49.2523 86.0
49.273 94.0
49.2937 96.0
49.3143 89.0
49.335 84.0
49.3557 89.0
49.3764 84.0
49.397 83.0
49.4177 91.0
49.4384 102.0
49.4591 99.0
49.4797 98.0
49.5004 94.0
49.5211 83.0
49.5417 87.0
49.5624 90.0
49.5831 79.0
49.6038 86.0
49.6244 93.0
49.6451 84.0
49.6658 77.0
49.6865 90.0
49.7071 101.0
49.7278 101.0
49.7485 103.0
49.7691 87.0
49.7898 95.0
49.8105 87.0
49.8312 95.0
49.8518 92.0
49.8725 89.0
49.8932 91.0
49.9139 104.0
49.9345 82.0
49.9552 83.0
49.9759 85.0
49.9966 75.0
50.0172 83.0
50.0379 96.0
50.0586 88.0
50.0792 97.0
50.0999 93.0
50.1206 76.0
50.1413 80.0
50.1619 102.0
50.1826 100.0
50.2033 87.0
50.224 99.0
50.2446 89.0
50.2653 86.0
50.286 86.0
50.3067 68.0
50.3273 90.0
50.348 96.0
50.3687 105.0
50.3894 89.0
50.41 89.0
50.4307 91.0
50.4514 80.0
50.472 77.0
50.4927 95.0
50.5134 104.0
50.5341 84.0
50.5547 86.0
50.5754 101.0
50.5961 94.0
50.6168 87.0
50.6374 90.0
50.6581 91.0
50.6788 86.0
50.6995 79.0
50.7201 89.0
50.7408 104.0
50.7615 97.0
50.7822 91.0
50.8028 91.0
50.8235 81.0
50.8442 80.0
50.8649 76.0
50.8855 82.0
50.9062 90.0
50.9269 79.0
50.9476 89.0
50.9682 86.0
50.9889 86.0
51.0096 93.0
51.0303 87.0
51.0509 99.0
51.0716 103.0
51.0923 98.0
51.113 84.0
51.1336 78.0
51.1543 90.0
51.175 93.0
51.1957 95.0
51.2163 95.0
51.237 92.0
51.2577 90.0
51.2784 100.0
51.299 87.0
51.3197 84.0
51.3404 100.0
51.3611 90.0
51.3817 86.0
51.4024 92.0
51.4231 86.0
51.4438 95.0
51.4644 103.0
51.4851 93.0
51.5058 118.0
51.5265 107.0
51.5471 90.0
51.5678 77.0
51.5885 84.0
51.6092 78.0
51.6298 88.0
51.6505 94.0
51.6712 71.0
51.6919 73.0
51.7125 85.0
51.7332 86.0
51.7539 95.0
51.7746 81.0
51.7952 82.0
51.8159 80.0
51.8366 88.0
51.8573 97.0
51.878 97.0
51.8986 96.0
51.9193 89.0
51.94 79.0
51.9607 72.0
51.9813 93.0
52.002 92.0
52.0227 111.0
52.0434 107.0
52.064 79.0
52.0847 85.0
52.1054 83.0
52.1261 82.0
52.1467 83.0
52.1674 83.0
52.1881 89.0
52.2088 84.0
52.2294 95.0
52.2501 86.0
52.2708 87.0
52.2915 100.0
52.3122 101.0
52.3328 97.0
52.3535 102.0
52.3742 96.0
52.3949 91.0
52.4155 96.0
52.4362 110.0
52.4569 139.0
52.4776 160.0
52.4982 264.0
52.5189 422.0
52.5396 663.0
52.5603 764.0
52.581 504.0
52.6016 245.0
52.6223 167.0
52.643 204.0
52.6637 252.0
52.6843 368.0
52.705 379.0
52.7257 268.0
52.7464 157.0
52.767 115.0
52.7877 103.0
52.8084 95.0
52.8291 104.0
52.8498 92.0
52.8704 101.0
52.8911 100.0
52.9118 84.0
52.9325 90.0
52.9531 95.0
52.9738 84.0
52.9945 80.0
53.0152 75.0
53.0359 89.0
53.0565 81.0
53.0772 85.0
53.0979 102.0
53.1186 84.0
53.1392 75.0
53.1599 75.0
53.1806 81.0
53.2013 84.0
53.222 73.0
53.2426 88.0
53.2633 74.0
53.284 62.0
53.3047 70.0
53.3253 85.0
53.346 79.0
53.3667 77.0
53.3874 87.0
53.4081 90.0
53.4287 92.0
53.4494 100.0
53.4701 87.0
53.4908 92.0
53.5114 92.0
53.5321 78.0
53.5528 77.0
53.5735 96.0
53.5942 95.0
53.6148 74.0
53.6355 72.0
53.6562 78.0
53.6769 89.0
53.6976 83.0
53.7182 77.0
53.7389 86.0
53.7596 82.0
53.7803 75.0
53.8009 71.0
53.8216 70.0
53.8423 71.0
53.863 75.0
53.8837 82.0
53.9043 83.0
53.925 73.0
53.9457 81.0
53.9664 81.0
53.9871 81.0
54.0077 89.0
54.0284 90.0
54.0491 82.0
54.0698 85.0
54.0905 72.0
54.1111 72.0
54.1318 74.0
54.1525 76.0
54.1732 74.0
54.1938 63.0
54.2145 68.0
54.2352 77.0
54.2559 84.0
54.2766 94.0
54.2972 79.0
54.3179 72.0
54.3386 81.0
54.3593 63.0
54.38 83.0
54.4006 91.0
54.4213 86.0
54.442 93.0
54.4627 88.0
54.4834 76.0
54.504 84.0
54.5247 83.0
54.5454 78.0
54.5661 78.0
54.5868 72.0
54.6074 91.0
54.6281 82.0
54.6488 85.0
54.6695 85.0
54.6902 83.0
54.7108 68.0
54.7315 79.0
54.7522 88.0
54.7729 90.0
54.7936 70.0
54.8142 75.0
54.8349 83.0
54.8556 92.0
54.8763 90.0
54.897 84.0
54.9176 71.0
54.9383 82.0
54.959 94.0
54.9797 83.0
55.0004 86.0
55.021 92.0
55.0417 72.0
55.0624 72.0
55.0831 77.0
55.1038 77.0
55.1244 86.0
55.1451 79.0
55.1658 76.0
55.1865 73.0
55.2072 71.0
55.2278 91.0
55.2485 104.0
55.2692 86.0
55.2899 63.0
55.3106 73.0
55.3313 58.0
55.3519 65.0
55.3726 73.0
55.3933 77.0
55.414 77.0
55.4347 85.0
55.4553 82.0
55.476 62.0
55.4967 72.0
55.5174 79.0
55.5381 85.0
55.5587 78.0
55.5794 63.0
55.6001 79.0
55.6208 79.0
55.6415 87.0
55.6621 89.0
55.6828 81.0
55.7035 78.0
55.7242 89.0
55.7449 88.0
55.7656 89.0
55.7862 82.0
55.8069 78.0
55.8276 76.0
55.8483 69.0
55.869 68.0
55.8896 80.0
55.9103 80.0
55.931 95.0
55.9517 86.0
55.9724 69.0
55.9931 67.0
56.0137 61.0
56.0344 74.0
56.0551 76.0
56.0758 64.0
56.0965 78.0
56.1171 86.0
56.1378 61.0
56.1585 66.0
56.1792 73.0
56.1999 68.0
56.2206 68.0
56.2412 77.0
56.2619 74.0
56.2826 78.0
56.3033 87.0
56.324 77.0
56.3446 70.0
56.3653 70.0
56.386 82.0
56.4067 90.0
56.4274 90.0
56.4481 84.0
56.4687 86.0
56.4894 74.0
56.5101 83.0
56.5308 68.0
56.5515 84.0
56.5722 87.0
56.5928 85.0
56.6135 85.0
56.6342 84.0
56.6549 83.0
56.6756 80.0
56.6962 76.0
56.7169 69.0
56.7376 86.0
56.7583 85.0
56.779 88.0
56.7997 76.0
56.8203 76.0
56.841 74.0
56.8617 70.0
56.8824 83.0
56.9031 81.0
56.9238 88.0
56.9444 82.0
56.9651 75.0
56.9858 77.0
57.0065 80.0
57.0272 72.0
57.0479 81.0
57.0685 86.0
57.0892 94.0
57.1099 86.0
57.1306 97.0
57.1513 101.0
57.172 93.0
57.1926 80.0
57.2133 99.0
57.234 97.0
57.2547 116.0
57.2754 116.0
57.2961 114.0
57.3167 97.0
57.3374 106.0
57.3581 136.0
57.3788 178.0
57.3995 234.0
57.4202 379.0
57.4408 689.0
57.4615 1293.0
57.4822 2207.0
57.5029 2794.0
57.5236 2038.0
57.5443 871.0
57.5649 439.0
57.5856 389.0
57.6063 569.0
57.627 980.0
57.6477 1343.0
57.6684 1290.0
57.689 794.0
57.7097 389.0
57.7304 201.0
57.7511 139.0
57.7718 138.0
57.7925 106.0
57.8132 98.0
57.8338 105.0
57.8545 101.0
57.8752 95.0
57.8959 91.0
57.9166 94.0
57.9373 80.0
57.9579 80.0
57.9786 94.0
57.9993 90.0
58.02 78.0
58.0407 83.0
58.0614 90.0
58.0821 68.0
58.1027 69.0
58.1234 72.0
58.1441 79.0
58.1648 78.0
58.1855 75.0
58.2062 81.0
58.2268 94.0
58.2475 84.0
58.2682 90.0
58.2889 79.0
58.3096 95.0
58.3303 87.0
58.351 76.0
58.3716 75.0
58.3923 80.0
58.413 88.0
58.4337 78.0
58.4544 77.0
58.4751 68.0
58.4957 68.0
58.5164 75.0
58.5371 71.0
58.5578 71.0
58.5785 74.0
58.5992 82.0
58.6199 82.0
58.6405 86.0
58.6612 82.0
58.6819 79.0
58.7026 81.0
58.7233 69.0
58.744 73.0
58.7647 79.0
58.7853 79.0
58.806 80.0
58.8267 72.0
58.8474 78.0
58.8681 61.0
58.8888 74.0
58.9095 87.0
58.9301 90.0
58.9508 83.0
58.9715 73.0
58.9922 79.0
59.0129 75.0
59.0336 75.0
59.0543 72.0
59.0749 70.0
59.0956 79.0
59.1163 82.0
59.137 73.0
59.1577 68.0
59.1784 69.0
59.1991 75.0
59.2197 75.0
59.2404 82.0
59.2611 75.0
59.2818 65.0
59.3025 73.0
59.3232 75.0
59.3439 81.0
59.3645 78.0
59.3852 75.0
59.4059 76.0
59.4266 73.0
59.4473 72.0
59.468 72.0
59.4887 68.0
59.5094 64.0
59.53 78.0
59.5507 77.0
59.5714 79.0
59.5921 64.0
59.6128 80.0
59.6335 69.0
59.6542 69.0
59.6748 71.0
59.6955 78.0
59.7162 90.0
59.7369 86.0
59.7576 93.0
59.7783 88.0
59.799 77.0
59.8197 70.0
59.8403 85.0
59.861 88.0
59.8817 73.0
59.9024 73.0
59.9231 83.0
59.9438 78.0
59.9645 76.0
59.9851 73.0
60.0058 73.0
60.0265 69.0
60.0472 72.0
60.0679 82.0
60.0886 62.0
60.1093 65.0
60.13 61.0
60.1506 70.0
60.1713 75.0
60.192 79.0
60.2127 75.0
60.2334 74.0
60.2541 80.0
60.2748 88.0
60.2955 83.0
60.3161 71.0
60.3368 72.0
60.3575 73.0
60.3782 60.0
60.3989 66.0
60.4196 59.0
60.4403 64.0
60.461 61.0
60.4816 72.0
60.5023 68.0
60.523 67.0
60.5437 57.0
60.5644 62.0
60.5851 74.0
60.6058 73.0
60.6265 64.0
60.6471 77.0
60.6678 72.0
60.6885 64.0
60.7092 65.0
60.7299 66.0
60.7506 78.0
60.7713 79.0
60.792 79.0
60.8127 76.0
60.8333 84.0
60.854 70.0
60.8747 66.0
60.8954 82.0
60.9161 95.0
60.9368 81.0
60.9575 68.0
60.9782 70.0
60.9988 78.0
61.0195 74.0
61.0402 84.0
61.0609 93.0
61.0816 86.0
61.1023 93.0
61.123 99.0
61.1437 99.0
61.1644 94.0
61.185 105.0
61.2057 105.0
61.2264 149.0
61.2471 248.0
61.2678 410.0
61.2885 636.0
61.3092 693.0
61.3299 457.0
61.3506 210.0
61.3712 165.0
61.3919 154.0
61.4126 149.0
61.4333 224.0
61.454 339.0
61.4747 404.0
61.4954 289.0
61.5161 168.0
61.5368 121.0
61.5574 99.0
61.5781 94.0
61.5988 84.0
61.6195 75.0
61.6402 75.0
61.6609 71.0
61.6816 84.0
61.7023 77.0
61.723 67.0
61.7436 62.0
61.7643 61.0
61.785 68.0
61.8057 71.0
61.8264 83.0
61.8471 72.0
61.8678 80.0
61.8885 66.0
61.9092 71.0
61.9298 73.0
61.9505 71.0
61.9712 73.0
61.9919 72.0
62.0126 75.0
62.0333 70.0
62.054 65.0
62.0747 71.0
62.0954 71.0
62.1161 71.0
62.1367 63.0
62.1574 67.0
62.1781 78.0
62.1988 71.0
62.2195 68.0
62.2402 65.0
62.2609 56.0
62.2816 66.0
62.3023 63.0
62.323 70.0
62.3436 61.0
62.3643 64.0
62.385 65.0
62.4057 58.0
62.4264 67.0
62.4471 70.0
62.4678 69.0
62.4885 64.0
62.5092 62.0
62.5299 67.0
62.5505 70.0
62.5712 62.0
62.5919 75.0
62.6126 83.0
62.6333 79.0
62.654 80.0
62.6747 61.0
62.6954 75.0
62.7161 74.0
62.7368 65.0
62.7575 58.0
62.7781 48.0
62.7988 56.0
62.8195 62.0
62.8402 55.0
62.8609 67.0
62.8816 70.0
62.9023 62.0
62.923 70.0
62.9437 67.0
62.9644 64.0
62.9851 57.0
63.0057 70.0
63.0264 79.0
63.0471 71.0
63.0678 60.0
63.0885 61.0
63.1092 60.0
63.1299 66.0
63.1506 62.0
63.1713 65.0
63.192 77.0
63.2127 64.0
63.2333 61.0
63.254 59.0
63.2747 62.0
63.2954 69.0
63.3161 74.0
63.3368 83.0
63.3575 59.0
63.3782 72.0
63.3989 59.0
63.4196 56.0
63.4403 62.0
63.461 60.0
63.4816 58.0
63.5023 63.0
63.523 56.0
63.5437 64.0
63.5644 65.0
63.5851 78.0
63.6058 56.0
63.6265 70.0
63.6472 62.0
63.6679 71.0
63.6886 67.0
63.7093 61.0
63.7299 55.0
63.7506 66.0
63.7713 67.0
63.792 71.0
63.8127 66.0
63.8334 67.0
63.8541 56.0
63.8748 71.0
63.8955 69.0
63.9162 65.0
63.9369 61.0
63.9576 71.0
63.9782 74.0
63.9989 74.0
64.0196 70.0
64.0403 67.0
64.061 70.0
64.0817 65.0
64.1024 74.0
64.1231 65.0
64.1438 67.0
64.1645 62.0
64.1852 71.0
64.2059 70.0
64.2266 70.0
64.2473 69.0
64.2679 76.0
64.2886 73.0
64.3093 58.0
64.33 58.0
64.3507 60.0
64.3714 68.0
64.3921 70.0
64.4128 60.0
64.4335 62.0
64.4542 57.0
64.4749 60.0
64.4956 56.0
64.5163 62.0
64.5369 62.0
64.5576 56.0
64.5783 63.0
64.599 67.0
64.6197 70.0
64.6404 71.0
64.6611 83.0
64.6818 66.0
64.7025 60.0
64.7232 67.0
64.7439 75.0
64.7646 74.0
64.7853 68.0
64.806 68.0
64.8267 70.0
64.8473 66.0
64.868 62.0
64.8887 60.0
64.9094 58.0
64.9301 69.0
64.9508 52.0
64.9715 51.0
64.9922 68.0
65.0129 74.0
65.0336 76.0
65.0543 73.0
65.075 55.0
65.0957 57.0
65.1164 67.0
65.1371 63.0
65.1577 53.0
65.1784 46.0
65.1991 58.0
65.2198 57.0
65.2405 61.0
65.2612 63.0
65.2819 61.0
65.3026 70.0
65.3233 68.0
65.344 67.0
65.3647 61.0
65.3854 64.0
65.4061 57.0
65.4268 64.0
65.4475 60.0
65.4682 59.0
65.4889 70.0
65.5095 61.0
65.5302 70.0
65.5509 80.0
65.5716 66.0
65.5923 60.0
65.613 70.0
65.6337 74.0
65.6544 67.0
65.6751 74.0
65.6958 65.0
65.7165 64.0
65.7372 60.0
65.7579 59.0
65.7786 67.0
65.7993 66.0
65.82 63.0
65.8407 64.0
65.8613 62.0
65.882 73.0
65.9027 69.0
65.9234 68.0
65.9441 64.0
65.9648 53.0
65.9855 65.0
66.0062 71.0
66.0269 63.0
66.0476 59.0
66.0683 62.0
66.089 53.0
66.1097 60.0
66.1304 61.0
66.1511 68.0
66.1718 67.0
66.1925 74.0
66.2132 60.0
66.2339 58.0
66.2545 61.0
66.2752 83.0
66.2959 80.0
66.3166 60.0
66.3373 65.0
66.358 68.0
66.3787 76.0
66.3994 60.0
66.4201 77.0
66.4408 115.0
66.4615 173.0
66.4822 284.0
66.5029 360.0
66.5236 437.0
66.5443 276.0
66.565 172.0
66.5857 113.0
66.6064 105.0
66.6271 114.0
66.6478 132.0
66.6685 187.0
66.6892 244.0
66.7098 243.0
66.7305 166.0
66.7512 116.0
66.7719 85.0
66.7926 72.0
66.8133 70.0
66.834 64.0
66.8547 76.0
66.8754 74.0
66.8961 59.0
66.9168 64.0
66.9375 65.0
66.9582 70.0
66.9789 60.0
66.9996 60.0
67.0203 61.0
67.041 59.0
67.0617 62.0
67.0824 64.0
67.1031 65.0
67.1238 56.0
67.1445 64.0
67.1652 66.0
67.1859 62.0
67.2065 63.0
67.2272 76.0
67.2479 79.0
67.2686 63.0
67.2893 64.0
67.31 66.0
67.3307 63.0
67.3514 72.0
67.3721 76.0
67.3928 69.0
67.4135 74.0
67.4342 60.0
67.4549 63.0
67.4756 54.0
67.4963 57.0
67.517 65.0
67.5377 67.0
67.5584 68.0
67.5791 62.0
67.5998 58.0
67.6205 57.0
67.6412 66.0
67.6619 68.0
67.6826 68.0
67.7033 70.0
67.724 75.0
67.7447 65.0
67.7654 64.0
67.7861 62.0
67.8068 58.0
67.8274 66.0
67.8481 71.0
67.8688 66.0
67.8895 61.0
67.9102 63.0
67.9309 68.0
67.9516 63.0
67.9723 58.0
67.993 62.0
68.0137 69.0
68.0344 75.0
68.0551 62.0
68.0758 67.0
68.0965 71.0
68.1172 87.0
68.1379 127.0
68.1586 192.0
68.1793 316.0
68.2 426.0
68.2207 415.0
68.2414 268.0
68.2621 141.0
68.2828 105.0
68.3035 97.0
68.3242 97.0
68.3449 124.0
68.3656 173.0
68.3863 222.0
68.407 226.0
68.4277 202.0
68.4484 148.0
68.4691 102.0
68.4898 77.0
68.5105 77.0
68.5312 80.0
68.5519 70.0
68.5726 76.0
68.5933 61.0
68.614 63.0
68.6346 61.0
68.6553 65.0
68.676 73.0
68.6967 67.0
68.7174 56.0
68.7381 60.0
68.7588 64.0
68.7795 63.0
68.8002 57.0
68.8209 51.0
68.8416 58.0
68.8623 62.0
68.883 70.0
68.9037 59.0
68.9244 63.0
68.9451 58.0
68.9658 60.0
68.9865 62.0
69.0072 58.0
69.0279 64.0
69.0486 73.0
69.0693 63.0
69.09 59.0
69.1107 56.0
69.1314 49.0
69.1521 55.0
69.1728 54.0
69.1935 62.0
69.2142 60.0
69.2349 58.0
69.2556 63.0
69.2763 57.0
69.297 52.0
69.3177 55.0
69.3384 54.0
69.3591 60.0
69.3798 59.0
69.4005 53.0
69.4212 65.0
69.4419 60.0
69.4626 61.0
69.4833 50.0
69.504 59.0
69.5247 66.0
69.5454 51.0
69.5661 53.0
69.5868 54.0
69.6075 65.0
69.6282 57.0
69.6489 59.0
69.6696 65.0
69.6903 58.0
69.711 61.0
69.7317 55.0
69.7524 60.0
69.7731 59.0
69.7938 66.0
69.8145 68.0
69.8352 68.0
69.8559 71.0
69.8766 62.0
69.8973 55.0
69.918 68.0
69.9387 59.0
69.9594 62.0
69.9801 66.0
70.0008 61.0
70.0215 63.0
70.0422 70.0
70.0629 59.0
70.0836 52.0
70.1043 59.0
70.125 68.0
70.1457 60.0
70.1664 54.0
70.1871 57.0
70.2078 67.0
70.2285 63.0
70.2492 50.0
70.2699 58.0
70.2906 60.0
70.3113 58.0
70.332 53.0
70.3527 67.0
70.3734 70.0
70.3941 72.0
70.4148 65.0
70.4355 69.0
70.4562 68.0
70.4769 64.0
70.4976 57.0
70.5183 49.0
70.539 58.0
70.5597 66.0
70.5804 60.0
70.6011 61.0
70.6218 83.0
70.6425 61.0
70.6632 58.0
70.6839 56.0
70.7046 60.0
70.7253 62.0
70.746 49.0
70.7667 61.0
70.7874 64.0
70.8081 61.0
70.8288 54.0
70.8495 60.0
70.8702 65.0
70.8909 56.0
70.9116 59.0
70.9323 57.0
70.953 45.0
70.9737 58.0
70.9944 46.0
71.0151 44.0
71.0358 65.0
71.0565 60.0
71.0772 54.0
71.0979 60.0
71.1186 54.0
71.1393 57.0
71.16 62.0
71.1807 58.0
71.2014 62.0
71.2221 66.0
71.2428 54.0
71.2635 49.0
71.2842 54.0
71.3049 54.0
71.3256 46.0
71.3463 58.0
71.367 53.0
71.3877 55.0
71.4084 60.0
71.4291 66.0
71.4498 63.0
71.4705 67.0
71.4912 57.0
71.5119 50.0
71.5326 52.0
71.5533 55.0
71.574 72.0
71.5947 60.0
71.6154 55.0
71.6361 62.0
71.6568 54.0
71.6775 48.0
71.6982 58.0
71.7189 51.0
71.7396 63.0
71.7603 55.0
71.781 49.0
71.8017 53.0
71.8224 57.0
71.8431 48.0
71.8638 52.0
71.8845 52.0
71.9052 58.0
71.9259 41.0
71.9466 48.0
71.9673 57.0
71.988 54.0
72.0087 46.0
72.0294 53.0
72.0501 54.0
72.0708 54.0
72.0916 67.0
72.1123 56.0
72.133 53.0
72.1537 55.0
72.1744 55.0
72.1951 58.0
72.2158 67.0
72.2365 55.0
72.2572 57.0
72.2779 52.0
72.2986 55.0
72.3193 53.0
72.34 51.0
72.3607 53.0
72.3814 56.0
72.4021 67.0
72.4228 66.0
72.4435 54.0
72.4642 51.0
72.4849 44.0
72.5056 62.0
72.5263 49.0
72.547 55.0
72.5677 53.0
72.5884 58.0
72.6091 64.0
72.6298 54.0
72.6505 52.0
72.6712 52.0
72.6919 59.0
72.7126 54.0
72.7333 41.0
72.754 46.0
72.7747 58.0
72.7954 56.0
72.8161 49.0
72.8368 48.0
72.8575 53.0
72.8782 50.0
72.8989 66.0
72.9197 54.0
72.9404 53.0
72.9611 54.0
72.9818 61.0
73.0025 55.0
73.0232 58.0
73.0439 65.0
73.0646 49.0
73.0853 60.0
73.106 58.0
73.1267 53.0
73.1474 62.0
73.1681 52.0
73.1888 55.0
73.2095 56.0
73.2302 53.0
73.2509 46.0
73.2716 55.0
73.2923 54.0
73.313 58.0
73.3337 56.0
73.3544 52.0
73.3751 50.0
73.3958 61.0
73.4165 59.0
73.4372 50.0
73.4579 45.0
73.4786 52.0
73.4993 66.0
73.52 69.0
73.5408 61.0
73.5615 48.0
73.5822 52.0
73.6029 62.0
73.6236 53.0
73.6443 64.0
73.665 57.0
73.6857 65.0
73.7064 61.0
73.7271 59.0
73.7478 49.0
73.7685 42.0
73.7892 52.0
73.8099 53.0
73.8306 52.0
73.8513 51.0
73.872 56.0
73.8927 58.0
73.9134 52.0
73.9341 60.0
73.9548 65.0
73.9755 58.0
73.9962 63.0
74.0169 60.0
74.0376 56.0
74.0584 61.0
74.0791 64.0
74.0998 60.0
74.1205 56.0
74.1412 55.0
74.1619 46.0
74.1826 51.0
74.2033 49.0
74.224 47.0
74.2447 68.0
74.2654 91.0
74.2861 103.0
74.3068 114.0
74.3275 97.0
74.3482 61.0
74.3689 53.0
74.3896 70.0
74.4103 62.0
74.431 65.0
74.4517 69.0
74.4724 71.0
74.4931 72.0
74.5139 87.0
74.5346 57.0
74.5553 56.0
74.576 63.0
74.5967 54.0
74.6174 48.0
74.6381 53.0
74.6588 60.0
74.6795 51.0
74.7002 48.0
74.7209 51.0
74.7416 48.0
74.7623 41.0
74.783 48.0
74.8037 50.0
74.8244 65.0
74.8451 61.0
74.8658 53.0
74.8865 61.0
74.9072 70.0
74.928 71.0
74.9487 51.0
74.9694 59.0
74.9901 58.0
75.0108 55.0
75.0315 59.0
75.0522 61.0
75.0729 53.0
75.0936 55.0
75.1143 65.0
75.135 56.0
75.1557 55.0
75.1764 55.0
75.1971 49.0
75.2178 51.0
75.2385 42.0
75.2592 59.0
75.2799 54.0
75.3007 51.0
75.3214 46.0
75.3421 54.0
75.3628 53.0
75.3835 54.0
75.4042 55.0
75.4249 51.0
75.4456 58.0
75.4663 65.0
75.487 71.0
75.5077 63.0
75.5284 49.0
75.5491 55.0
75.5698 56.0
75.5905 49.0
75.6112 42.0
75.6319 51.0
75.6527 60.0
75.6734 60.0
75.6941 53.0
75.7148 54.0
75.7355 66.0
75.7562 60.0
75.7769 64.0
75.7976 49.0
75.8183 50.0
75.839 54.0
75.8597 63.0
75.8804 62.0
75.9011 57.0
75.9218 62.0
75.9425 69.0
75.9632 59.0
75.984 66.0
76.0047 52.0
76.0254 49.0
76.0461 57.0
76.0668 47.0
76.0875 55.0
76.1082 60.0
76.1289 59.0
76.1496 50.0
76.1703 58.0
76.191 64.0
76.2117 64.0
76.2324 54.0
76.2531 53.0
76.2738 58.0
76.2946 62.0
76.3153 65.0
76.336 62.0
76.3567 56.0
76.3774 68.0
76.3981 57.0
76.4188 57.0
76.4395 72.0
76.4602 62.0
76.4809 66.0
76.5016 60.0
76.5223 78.0
76.543 90.0
76.5637 71.0
76.5845 80.0
76.6052 67.0
76.6259 72.0
76.6466 66.0
76.6673 70.0
76.688 80.0
76.7087 76.0
76.7294 106.0
76.7501 139.0
76.7708 192.0
76.7915 294.0
76.8122 491.0
76.8329 893.0
76.8536 1437.0
76.8744 1480.0
76.8951 1088.0
76.9158 578.0
76.9365 281.0
76.9572 190.0
76.9779 166.0
76.9986 169.0
77.0193 213.0
77.04 311.0
77.0607 509.0
77.0814 738.0
77.1021 765.0
77.1228 571.0
77.1436 369.0
77.1643 262.0
77.185 286.0
77.2057 390.0
77.2264 477.0
77.2471 411.0
77.2678 266.0
77.2885 166.0
77.3092 108.0
77.3299 80.0
77.3506 81.0
77.3713 102.0
77.392 96.0
77.4128 147.0
77.4335 228.0
77.4542 267.0
77.4749 253.0
77.4956 174.0
77.5163 118.0
77.537 102.0
77.5577 80.0
77.5784 66.0
77.5991 62.0
77.6198 58.0
77.6405 62.0
77.6613 62.0
77.682 71.0
77.7027 65.0
77.7234 54.0
77.7441 51.0
77.7648 45.0
77.7855 49.0
77.8062 60.0
77.8269 48.0
77.8476 52.0
77.8683 53.0
77.889 61.0
77.9098 66.0
77.9305 67.0
77.9512 53.0
77.9719 58.0
77.9926 56.0
78.0133 58.0
78.034 55.0
78.0547 58.0
78.0754 45.0
78.0961 52.0
78.1168 60.0
78.1376 59.0
78.1583 55.0
78.179 60.0
78.1997 51.0
78.2204 50.0
78.2411 49.0
78.2618 54.0
78.2825 66.0
78.3032 57.0
78.3239 50.0
78.3446 55.0
78.3654 56.0
78.3861 41.0
78.4068 44.0
78.4275 50.0
78.4482 49.0
78.4689 50.0
78.4896 58.0
78.5103 55.0
78.531 55.0
78.5517 63.0
78.5724 53.0
78.5932 55.0
78.6139 52.0
78.6346 57.0
78.6553 55.0
78.676 59.0
78.6967 69.0
78.7174 50.0
78.7381 52.0
78.7588 55.0
78.7795 52.0
78.8002 59.0
78.821 65.0
78.8417 52.0
78.8624 52.0
78.8831 58.0
78.9038 55.0
78.9245 51.0
78.9452 50.0
78.9659 49.0
78.9866 45.0
79.0073 46.0
79.0281 45.0
79.0488 48.0
79.0695 51.0
79.0902 43.0
79.1109 59.0
79.1316 56.0
79.1523 42.0
79.173 41.0
79.1937 50.0
79.2144 54.0
79.2352 60.0
79.2559 60.0
79.2766 57.0
79.2973 49.0
79.318 52.0
79.3387 53.0
79.3594 56.0
79.3801 56.0
79.4008 54.0
79.4215 67.0
79.4423 53.0
79.463 55.0
79.4837 53.0
79.5044 54.0
79.5251 52.0
79.5458 49.0
79.5665 47.0
79.5872 54.0
79.6079 58.0
79.6286 48.0
79.6494 52.0
79.6701 56.0
79.6908 55.0
79.7115 54.0
79.7322 44.0
79.7529 59.0
79.7736 46.0
79.7943 55.0
79.815 52.0
79.8358 51.0
79.8565 56.0
79.8772 64.0
79.8979 50.0
79.9186 50.0
79.9393 46.0
79.96 40.0
79.9807 48.0
80.0014 50.0
80.0221 51.0
80.0429 50.0
80.0636 45.0
80.0843 56.0
80.105 54.0
80.1257 49.0
80.1464 44.0
80.1671 51.0
80.1878 61.0
80.2085 51.0
80.2293 44.0
80.25 43.0
80.2707 40.0
80.2914 44.0
80.3121 50.0
80.3328 58.0
80.3535 55.0
80.3742 58.0
80.3949 59.0
80.4157 62.0
80.4364 60.0
80.4571 53.0
80.4778 50.0
80.4985 41.0
80.5192 41.0
80.5399 62.0
80.5606 69.0
80.5814 51.0
80.6021 58.0
80.6228 69.0
80.6435 67.0
80.6642 79.0
80.6849 90.0
80.7056 95.0
80.7263 72.0
80.747 54.0
80.7678 50.0
80.7885 66.0
80.8092 48.0
80.8299 49.0
80.8506 48.0
80.8713 56.0
80.892 65.0
80.9127 66.0
80.9334 67.0
80.9542 77.0
80.9749 61.0
80.9956 45.0
81.0163 43.0
81.037 47.0
81.0577 59.0
81.0784 51.0
81.0991 49.0
81.1199 48.0
81.1406 45.0
81.1613 50.0
81.182 43.0
81.2027 55.0
81.2234 52.0
81.2441 55.0
81.2648 49.0
81.2856 39.0
81.3063 37.0
81.327 42.0
81.3477 44.0
81.3684 50.0
81.3891 57.0
81.4098 49.0
81.4305 58.0
81.4513 54.0
81.472 50.0
81.4927 45.0
81.5134 56.0
81.5341 53.0
81.5548 49.0
81.5755 48.0
81.5962 50.0
81.617 38.0
81.6377 40.0
81.6584 54.0
81.6791 42.0
81.6998 45.0
81.7205 42.0
81.7412 42.0
81.7619 46.0
81.7827 48.0
81.8034 45.0
81.8241 45.0
81.8448 39.0
81.8655 34.0
81.8862 47.0
81.9069 59.0
81.9276 41.0
81.9484 41.0
81.9691 40.0
81.9898 36.0
82.0105 55.0
82.0312 53.0
82.0519 42.0
82.0726 47.0
82.0933 52.0
82.1141 50.0
82.1348 51.0
82.1555 46.0
82.1762 50.0
82.1969 42.0
82.2176 52.0
82.2383 57.0
82.2591 51.0
82.2798 48.0
82.3005 42.0
82.3212 52.0
82.3419 44.0
82.3626 57.0
82.3833 45.0
82.404 49.0
82.4248 39.0
82.4455 41.0
82.4662 47.0
82.4869 50.0
82.5076 44.0
82.5283 40.0
82.549 39.0
82.5698 37.0
82.5905 42.0
82.6112 47.0
82.6319 53.0
82.6526 38.0
82.6733 46.0
82.694 45.0
82.7147 54.0
82.7355 56.0
82.7562 57.0
82.7769 52.0
82.7976 46.0
82.8183 44.0
82.839 47.0
82.8597 47.0
82.8805 43.0
82.9012 38.0
82.9219 55.0
82.9426 53.0
82.9633 53.0
82.984 49.0
83.0047 38.0
83.0255 44.0
83.0462 50.0
83.0669 41.0
83.0876 48.0
83.1083 49.0
83.129 38.0
83.1497 48.0
83.1705 51.0
83.1912 53.0
83.2119 55.0
83.2326 52.0
83.2533 48.0
83.274 48.0
83.2947 47.0
83.3155 57.0
83.3362 58.0
83.3569 48.0
83.3776 45.0
83.3983 49.0
83.419 54.0
83.4397 62.0
83.4605 58.0
83.4812 52.0
83.5019 48.0
83.5226 47.0
83.5433 56.0
83.564 43.0
83.5847 45.0
83.6055 48.0
83.6262 48.0
83.6469 44.0
83.6676 44.0
83.6883 42.0
83.709 42.0
83.7297 45.0
83.7505 47.0
83.7712 35.0
83.7919 48.0
83.8126 53.0
83.8333 47.0
83.854 51.0
83.8747 50.0
83.8955 50.0
83.9162 52.0
83.9369 52.0
83.9576 37.0
83.9783 43.0
83.999 52.0
84.0198 59.0
84.0405 56.0
84.0612 50.0
84.0819 48.0
84.1026 39.0
84.1233 51.0
84.144 49.0
84.1648 53.0
84.1855 46.0
84.2062 45.0
84.2269 52.0
84.2476 48.0
84.2683 46.0
84.2891 46.0
84.3098 64.0
84.3305 87.0
84.3512 92.0
84.3719 75.0
84.3926 65.0
84.4133 56.0
84.4341 45.0
84.4548 45.0
84.4755 47.0
84.4962 53.0
84.5169 66.0
84.5376 54.0
84.5584 53.0
84.5791 59.0
84.5998 63.0
84.6205 57.0
84.6412 56.0
84.6619 47.0
84.6826 50.0
84.7034 44.0
84.7241 48.0
84.7448 48.0
84.7655 47.0
84.7862 56.0
84.8069 60.0
84.8277 58.0
84.8484 64.0
84.8691 49.0
84.8898 45.0
84.9105 48.0
84.9312 46.0
84.952 43.0
84.9727 52.0
84.9934 41.0
85.0141 50.0
85.0348 53.0
85.0555 48.0
85.0762 52.0
85.097 48.0
85.1177 51.0
85.1384 51.0
85.1591 44.0
85.1798 47.0
85.2005 51.0
85.2213 50.0
85.242 52.0
85.2627 37.0
85.2834 42.0
85.3041 55.0
85.3248 58.0
85.3456 41.0
85.3663 41.0
85.387 47.0
85.4077 39.0
85.4284 41.0
85.4491 29.0
85.4699 41.0
85.4906 56.0
85.5113 53.0
85.532 46.0
85.5527 44.0
85.5734 42.0
85.5942 39.0
85.6149 54.0
85.6356 48.0
85.6563 40.0
85.677 51.0
85.6977 53.0
85.7185 50.0
85.7392 52.0
85.7599 43.0
85.7806 49.0
85.8013 40.0
85.822 43.0
85.8428 45.0
85.8635 43.0
85.8842 48.0
85.9049 43.0
85.9256 49.0
85.9463 47.0
85.9671 55.0
85.9878 51.0
86.0085 50.0
86.0292 46.0
86.0499 50.0
86.0706 53.0
86.0914 60.0
86.1121 57.0
86.1328 50.0
86.1535 44.0
86.1742 57.0
86.1949 48.0
86.2157 35.0
86.2364 46.0
86.2571 56.0
86.2778 62.0
86.2985 67.0
86.3193 70.0
86.34 77.0
86.3607 77.0
86.3814 53.0
86.4021 52.0
86.4228 67.0
86.4436 78.0
86.4643 93.0
86.485 96.0
86.5057 97.0
86.5264 90.0
86.5471 68.0
86.5679 56.0
86.5886 56.0
86.6093 74.0
86.63 57.0
86.6507 50.0
86.6714 60.0
86.6922 59.0
86.7129 54.0
86.7336 66.0
86.7543 68.0
86.775 86.0
86.7958 73.0
86.8165 47.0
86.8372 46.0
86.8579 50.0
86.8786 55.0
86.8993 58.0
86.9201 54.0
86.9408 42.0
86.9615 49.0
86.9822 46.0
87.0029 52.0
87.0237 51.0
87.0444 40.0
87.0651 36.0
87.0858 59.0
87.1065 51.0
87.1272 47.0
87.148 56.0
87.1687 51.0
87.1894 46.0
87.2101 50.0
87.2308 49.0
87.2516 58.0
87.2723 45.0
87.293 46.0
87.3137 50.0
87.3344 48.0
87.3551 54.0
87.3759 49.0
87.3966 41.0
87.4173 38.0
87.438 45.0
87.4587 51.0
87.4795 43.0
87.5002 41.0
87.5209 56.0
87.5416 44.0
87.5623 47.0
87.583 48.0
87.6038 45.0
87.6245 48.0
87.6452 40.0
87.6659 44.0
87.6866 51.0
87.7074 52.0
87.7281 49.0
87.7488 50.0
87.7695 46.0
87.7902 48.0
87.811 44.0
87.8317 47.0
87.8524 52.0
87.8731 50.0
87.8938 49.0
87.9145 51.0
87.9353 52.0
87.956 48.0
87.9767 45.0
87.9974 46.0
88.0181 46.0
88.0389 48.0
88.0596 48.0
88.0803 47.0
88.101 41.0
88.1217 38.0
88.1425 38.0
88.1632 45.0
88.1839 51.0
88.2046 53.0
88.2253 50.0
88.2461 49.0
88.2668 48.0
88.2875 47.0
88.3082 54.0
88.3289 58.0
88.3496 50.0
88.3704 45.0
88.3911 36.0
88.4118 42.0
88.4325 50.0
88.4532 46.0
88.474 50.0
88.4947 64.0
88.5154 40.0
88.5361 45.0
88.5568 58.0
88.5776 54.0
88.5983 56.0
88.619 56.0
88.6397 42.0
88.6604 38.0
88.6812 43.0
88.7019 44.0
88.7226 41.0
88.7433 42.0
88.764 44.0
88.7848 51.0
88.8055 56.0
88.8262 56.0
88.8469 65.0
88.8676 64.0
88.8884 80.0
88.9091 102.0
88.9298 154.0
88.9505 231.0
88.9712 297.0
88.992 318.0
89.0127 290.0
89.0334 197.0
89.0541 122.0
89.0748 99.0
89.0956 83.0
89.1163 70.0
89.137 56.0
89.1577 61.0
89.1784 77.0
89.1992 83.0
89.2199 116.0
89.2406 151.0
89.2613 189.0
89.282 191.0
89.3028 148.0
89.3235 110.0
89.3442 77.0
89.3649 65.0
89.3856 66.0
89.4064 58.0
89.4271 58.0
89.4478 56.0
89.4685 57.0
89.4892 52.0
89.51 45.0
89.5307 47.0
89.5514 50.0
89.5721 51.0
89.5928 56.0
89.6136 51.0
89.6343 51.0
89.655 41.0
89.6757 37.0
89.6964 44.0
89.7172 35.0
89.7379 44.0
89.7586 44.0
89.7793 39.0
89.8 37.0
89.8208 52.0
89.8415 53.0
89.8622 50.0
89.8829 46.0
89.9037 46.0
89.9244 60.0
89.9451 64.0
89.9658 53.0
89.9865 46.0
90.0073 41.0
90.028 50.0
90.0487 53.0
90.0694 45.0
90.0901 49.0
90.1109 53.0
90.1316 46.0
90.1523 43.0
90.173 47.0
90.1937 51.0
90.2145 56.0
90.2352 56.0
90.2559 52.0
90.2766 47.0
90.2974 51.0
90.3181 59.0
90.3388 61.0
90.3595 45.0
90.3802 41.0
90.401 47.0
90.4217 46.0
90.4424 62.0
90.4631 52.0
90.4838 47.0
90.5046 48.0
90.5253 52.0
90.546 52.0
90.5667 56.0
90.5874 72.0
90.6082 73.0
90.6289 99.0
90.6496 125.0
90.6703 179.0
90.6911 249.0
90.7118 245.0
90.7325 175.0
90.7532 122.0
90.7739 91.0
90.7947 77.0
90.8154 66.0
90.8361 66.0
90.8568 56.0
90.8776 61.0
90.8983 67.0
90.919 73.0
90.9397 94.0
90.9604 133.0
90.9812 150.0
91.0019 135.0
91.0226 123.0
91.0433 88.0
91.064 72.0
91.0848 64.0
91.1055 82.0
91.1262 90.0
91.1469 87.0
91.1677 106.0
91.1884 115.0
91.2091 100.0
91.2298 79.0
91.2505 70.0
91.2713 65.0
91.292 73.0
91.3127 60.0
91.3334 50.0
91.3542 46.0
91.3749 66.0
91.3956 73.0
91.4163 73.0
91.437 78.0
91.4578 78.0
91.4785 74.0
91.4992 67.0
91.5199 54.0
91.5407 51.0
91.5614 61.0
91.5821 55.0
91.6028 47.0
91.6235 55.0
91.6443 54.0
91.665 54.0
91.6857 46.0
91.7064 39.0
91.7272 45.0
91.7479 45.0
91.7686 52.0
91.7893 43.0
91.81 31.0
91.8308 34.0
91.8515 44.0
91.8722 46.0
91.8929 44.0
91.9137 53.0
91.9344 55.0
91.9551 56.0
91.9758 49.0
91.9966 46.0
92.0173 56.0
92.038 42.0
92.0587 47.0
92.0794 46.0
92.1002 55.0
92.1209 49.0
92.1416 49.0
92.1623 54.0
92.1831 56.0
92.2038 43.0
92.2245 45.0
92.2452 50.0
92.2659 45.0
92.2867 52.0
92.3074 50.0
92.3281 47.0
92.3488 52.0
92.3696 48.0
92.3903 42.0
92.411 40.0
92.4317 41.0
92.4525 41.0
92.4732 54.0
92.4939 52.0
92.5146 39.0
92.5354 37.0
92.5561 42.0
92.5768 53.0
92.5975 39.0
92.6182 39.0
92.639 34.0
92.6597 49.0
92.6804 55.0
92.7011 47.0
92.7219 49.0
92.7426 46.0
92.7633 47.0
92.784 44.0
92.8048 36.0
92.8255 40.0
92.8462 38.0
92.8669 46.0
92.8876 42.0
92.9084 39.0
92.9291 47.0
92.9498 48.0
92.9705 52.0
92.9913 59.0
93.012 55.0
93.0327 45.0
93.0534 28.0
93.0742 34.0
93.0949 43.0
93.1156 45.0
93.1363 35.0
93.1571 44.0
93.1778 43.0
93.1985 43.0
93.2192 51.0
93.24 49.0
93.2607 44.0
93.2814 36.0
93.3021 44.0
93.3228 56.0
93.3436 49.0
93.3643 49.0
93.385 44.0
93.4057 40.0
93.4265 54.0
93.4472 53.0
93.4679 51.0
93.4886 49.0
93.5094 49.0
93.5301 58.0
93.5508 45.0
93.5715 41.0
93.5923 39.0
93.613 33.0
93.6337 45.0
93.6544 56.0
93.6752 50.0
93.6959 42.0
93.7166 41.0
93.7373 35.0
93.7581 49.0
93.7788 54.0
93.7995 46.0
93.8202 46.0
93.841 44.0
93.8617 48.0
93.8824 46.0
93.9031 48.0
93.9238 47.0
93.9446 48.0
93.9653 50.0
93.986 44.0
94.0067 55.0
94.0275 59.0
94.0482 56.0
94.0689 61.0
94.0896 51.0
94.1104 51.0
94.1311 43.0
94.1518 42.0
94.1725 36.0
94.1933 37.0
94.214 37.0
94.2347 45.0
94.2554 49.0
94.2762 41.0
94.2969 50.0
94.3176 53.0
94.3383 52.0
94.3591 48.0
94.3798 52.0
94.4005 45.0
94.4212 54.0
94.442 47.0
94.4627 45.0
94.4834 49.0
94.5041 48.0
94.5249 48.0
94.5456 52.0
94.5663 45.0
94.587 37.0
94.6078 43.0
94.6285 51.0
94.6492 46.0
94.6699 42.0
94.6907 41.0
94.7114 46.0
94.7321 45.0
94.7528 46.0
94.7736 39.0
94.7943 46.0
94.815 49.0
94.8357 42.0
94.8565 47.0
94.8772 39.0
94.8979 42.0
94.9186 49.0
94.9394 54.0
94.9601 51.0
94.9808 52.0
95.0015 47.0
95.0223 43.0
95.043 48.0
95.0637 47.0
95.0845 55.0
95.1052 59.0
95.1259 63.0
95.1466 66.0
95.1674 86.0
95.1881 120.0
95.2088 171.0
95.2295 210.0
95.2503 211.0
95.271 168.0
95.2917 118.0
95.3124 86.0
95.3332 66.0
95.3539 81.0
95.3746 69.0
95.3953 57.0
95.4161 64.0
95.4368 61.0
95.4575 52.0
95.4782 75.0
95.499 102.0
95.5197 109.0
95.5404 134.0
95.5611 127.0
95.5819 114.0
95.6026 81.0
95.6233 68.0
95.644 59.0
95.6648 53.0
95.6855 46.0
95.7062 47.0
95.727 46.0
95.7477 38.0
95.7684 46.0
95.7891 43.0
95.8099 46.0
95.8306 50.0
95.8513 50.0
95.872 48.0
95.8928 35.0
95.9135 46.0
95.9342 57.0
95.9549 50.0
95.9757 40.0
95.9964 49.0
96.0171 46.0
96.0378 44.0
96.0586 37.0
96.0793 46.0
96.1 51.0
96.1207 54.0
96.1415 43.0
96.1622 46.0
96.1829 52.0
96.2037 46.0
96.2244 54.0
96.2451 53.0
96.2658 41.0
96.2866 46.0
96.3073 53.0
96.328 50.0
96.3487 51.0
96.3695 54.0
96.3902 43.0
96.4109 39.0
96.4316 45.0
96.4524 41.0
96.4731 39.0
96.4938 45.0
96.5146 37.0
96.5353 45.0
96.556 49.0
96.5767 52.0
96.5975 51.0
96.6182 46.0
96.6389 58.0
96.6596 47.0
96.6804 46.0
96.7011 37.0
96.7218 33.0
96.7426 41.0
96.7633 46.0
96.784 42.0
96.8047 45.0
96.8255 50.0
96.8462 44.0
96.8669 33.0
96.8876 42.0
96.9084 43.0
96.9291 37.0
96.9498 44.0
96.9705 50.0
96.9913 46.0
97.012 56.0
97.0327 48.0
97.0535 45.0
97.0742 43.0
97.0949 43.0
97.1156 47.0
97.1364 50.0
97.1571 45.0
97.1778 40.0
97.1985 57.0
97.2193 56.0
97.24 46.0
97.2607 59.0
97.2815 50.0
97.3022 47.0
97.3229 32.0
97.3436 38.0
97.3644 42.0
97.3851 40.0
97.4058 44.0
97.4265 63.0
97.4473 56.0
97.468 47.0
97.4887 40.0
97.5095 47.0
97.5302 52.0
97.5509 42.0
97.5716 47.0
97.5924 50.0
97.6131 44.0
97.6338 35.0
97.6546 46.0
97.6753 45.0
97.696 42.0
97.7167 41.0
97.7375 43.0
97.7582 49.0
97.7789 46.0
97.7996 52.0
97.8204 51.0
97.8411 39.0
97.8618 35.0
97.8826 51.0
97.9033 55.0
97.924 50.0
97.9447 48.0
97.9655 50.0
97.9862 55.0
98.0069 47.0
98.0277 38.0
98.0484 47.0
98.0691 49.0
98.0898 43.0
98.1106 46.0
98.1313 49.0
98.152 52.0
98.1728 39.0
98.1935 39.0
98.2142 56.0
98.2349 44.0
98.2557 43.0
98.2764 39.0
98.2971 50.0
98.3179 54.0
98.3386 49.0
98.3593 55.0
98.38 81.0
98.4008 58.0
98.4215 47.0
98.4422 55.0
98.4629 54.0
98.4837 45.0
98.5044 41.0
98.5251 41.0
98.5459 45.0
98.5666 40.0
98.5873 37.0
98.608 43.0
98.6288 41.0
98.6495 47.0
98.6702 45.0
98.691 46.0
98.7117 55.0
98.7324 49.0
98.7531 45.0
98.7739 60.0
98.7946 50.0
98.8153 51.0
98.8361 48.0
98.8568 56.0
98.8775 37.0
98.8983 46.0
98.919 47.0
98.9397 45.0
98.9604 45.0
98.9812 40.0
99.0019 51.0
99.0226 51.0
99.0434 46.0
99.0641 38.0
99.0848 39.0
99.1055 47.0
99.1263 37.0
99.147 32.0
99.1677 37.0
99.1885 46.0
99.2092 44.0
99.2299 44.0
99.2506 48.0
99.2714 43.0
99.2921 42.0
99.3128 50.0
99.3336 45.0
99.3543 58.0
99.375 43.0
99.3957 38.0
99.4165 42.0
99.4372 36.0
99.4579 38.0
99.4787 53.0
99.4994 42.0
99.5201 45.0
99.5409 38.0
99.5616 42.0
99.5823 51.0
99.603 55.0
99.6238 50.0
99.6445 46.0
99.6652 48.0
99.686 52.0
99.7067 49.0
99.7274 49.0
99.7481 46.0
99.7689 48.0
99.7896 51.0
99.8103 45.0
99.8311 53.0
99.8518 55.0
99.8725 53.0
99.8933 41.0
99.914 42.0
99.9347 47.0
99.9554 46.0
99.9762 47.0
99.9969 52.0
100.0176 42.0
100.0384 47.0
100.0591 58.0
100.0798 56.0
100.1005 49.0
100.1213 60.0
100.142 55.0
100.1627 46.0
100.1835 42.0
100.2042 52.0
100.2249 52.0
100.2457 35.0
100.2664 48.0
100.2871 48.0
100.3078 34.0
100.3286 49.0
100.3493 46.0
100.37 41.0
100.3908 46.0
100.4115 48.0
100.4322 51.0
100.453 49.0
100.4737 50.0
100.4944 56.0
100.5151 47.0
100.5359 44.0
100.5566 49.0
100.5773 49.0
100.5981 46.0
100.6188 38.0
100.6395 54.0
100.6603 46.0
100.681 47.0
100.7017 51.0
100.7225 45.0
100.7432 60.0
100.7639 58.0
100.7846 42.0
100.8054 55.0
100.8261 52.0
100.8468 53.0
100.8676 59.0
100.8883 62.0
100.909 66.0
100.9298 71.0
100.9505 83.0
100.9712 107.0
100.9919 156.0
101.0127 205.0
101.0334 293.0
101.0541 384.0
101.0749 363.0
101.0956 267.0
101.1163 187.0
101.1371 133.0
101.1578 90.0
101.1785 71.0
101.1993 62.0
101.22 54.0
101.2407 66.0
101.2614 53.0
101.2822 60.0
101.3029 77.0
101.3236 81.0
101.3444 121.0
101.3651 179.0
101.3858 194.0
101.4066 210.0
101.4273 192.0
101.448 154.0
101.4688 117.0
101.4895 74.0
101.5102 67.0
101.5309 59.0
101.5517 50.0
101.5724 50.0
101.5931 56.0
101.6139 61.0
101.6346 49.0
101.6553 45.0
101.6761 52.0
101.6968 53.0
101.7175 42.0
101.7383 47.0
101.759 47.0
101.7797 41.0
101.8004 43.0
101.8212 43.0
101.8419 47.0
101.8626 48.0
101.8834 62.0
101.9041 54.0
101.9248 43.0
101.9456 35.0
101.9663 38.0
101.987 41.0
102.0078 46.0
102.0285 34.0
102.0492 41.0
102.07 41.0
102.0907 42.0
102.1114 38.0
102.1321 54.0
102.1529 53.0
102.1736 47.0
102.1943 47.0
102.2151 61.0
102.2358 53.0
102.2565 53.0
102.2773 43.0
102.298 49.0
102.3187 48.0
102.3395 53.0
102.3602 44.0
102.3809 44.0
102.4017 55.0
102.4224 47.0
102.4431 55.0
102.4639 50.0
102.4846 50.0
102.5053 51.0
102.526 49.0
102.5468 45.0
102.5675 41.0
102.5882 50.0
102.609 50.0
102.6297 47.0
102.6504 45.0
102.6712 48.0
102.6919 38.0
102.7126 52.0
102.7334 48.0
102.7541 67.0
102.7748 53.0
102.7956 58.0
102.8163 59.0
102.837 60.0
102.8578 52.0
102.8785 50.0
102.8992 52.0
102.92 45.0
102.9407 44.0
102.9614 49.0
102.9822 46.0
103.0029 42.0
103.0236 35.0
103.0443 39.0
103.0651 49.0
103.0858 48.0
103.1065 57.0
103.1273 57.0
103.148 55.0
103.1687 61.0
103.1895 57.0
103.2102 54.0
103.2309 55.0
103.2517 65.0
103.2724 67.0
103.2931 68.0
103.3139 66.0
103.3346 58.0
103.3553 52.0
103.3761 51.0
103.3968 50.0
103.4175 50.0
103.4383 47.0
103.459 45.0
103.4797 47.0
103.5005 42.0
103.5212 43.0
103.5419 43.0
103.5627 44.0
103.5834 53.0
103.6041 51.0
103.6249 62.0
103.6456 55.0
103.6663 45.0
103.6871 41.0
103.7078 47.0
103.7285 47.0
103.7492 50.0
103.77 44.0
103.7907 50.0
103.8114 56.0
103.8322 46.0
103.8529 39.0
103.8736 33.0
103.8944 30.0
103.9151 39.0
103.9358 47.0
103.9566 48.0
103.9773 52.0
103.998 41.0
104.0188 36.0
104.0395 43.0
104.0602 44.0
104.081 40.0
104.1017 42.0
104.1224 46.0
104.1432 45.0
104.1639 48.0
104.1846 40.0
104.2054 52.0
104.2261 44.0
104.2468 49.0
104.2676 38.0
104.2883 31.0
104.309 38.0
104.3298 43.0
104.3505 56.0
104.3712 57.0
104.392 59.0
104.4127 54.0
104.4334 50.0
104.4542 40.0
104.4749 41.0
104.4956 42.0
104.5164 38.0
104.5371 45.0
104.5578 49.0
104.5786 46.0
104.5993 44.0
104.62 61.0
104.6408 59.0
104.6615 51.0
104.6822 43.0
104.703 46.0
104.7237 45.0
104.7444 45.0
104.7652 41.0
104.7859 53.0
104.8066 57.0
104.8274 47.0
104.8481 46.0
104.8688 49.0
104.8896 38.0
104.9103 40.0
104.931 42.0
104.9518 50.0
104.9725 46.0
104.9932 55.0
105.014 47.0
105.0347 49.0
105.0554 48.0
105.0762 49.0
105.0969 38.0
105.1176 41.0
105.1384 40.0
105.1591 57.0
105.1798 52.0
105.2006 50.0
105.2213 51.0
105.242 54.0
105.2628 60.0
105.2835 48.0
105.3042 41.0
105.325 46.0
105.3457 49.0
105.3664 53.0
105.3872 57.0
105.4079 45.0
105.4286 47.0
105.4494 41.0
105.4701 43.0
105.4909 51.0
105.5116 43.0
105.5323 50.0
105.5531 40.0
105.5738 49.0
105.5945 53.0
105.6153 48.0
105.636 50.0
105.6567 43.0
105.6775 51.0
105.6982 39.0
105.7189 38.0
105.7397 49.0
105.7604 58.0
105.7811 51.0
105.8019 57.0
105.8226 63.0
105.8433 49.0
105.8641 44.0
105.8848 48.0
105.9055 47.0
105.9263 44.0
105.947 54.0
105.9677 55.0
105.9885 50.0
106.0092 49.0
106.0299 51.0
106.0507 46.0
106.0714 44.0
106.0921 46.0
106.1129 49.0
106.1336 56.0
106.1543 59.0
106.1751 50.0
106.1958 40.0
106.2166 59.0
106.2373 53.0
106.258 51.0
106.2788 39.0
106.2995 50.0
106.3202 46.0
106.341 52.0
106.3617 53.0
106.3824 57.0
106.4032 41.0
106.4239 39.0
106.4446 51.0
106.4654 51.0
106.4861 45.0
106.5068 42.0
106.5276 38.0
106.5483 39.0
106.569 40.0
106.5898 54.0
106.6105 41.0
106.6312 47.0
106.652 53.0
106.6727 47.0
106.6935 49.0
106.7142 43.0
106.7349 42.0
106.7557 38.0
106.7764 44.0
106.7971 44.0
106.8179 50.0
106.8386 48.0
106.8593 53.0
106.8801 52.0
106.9008 42.0
106.9215 44.0
106.9423 46.0
106.963 39.0
106.9837 47.0
107.0045 53.0
107.0252 64.0
107.0459 57.0
107.0667 65.0
107.0874 47.0
107.1082 59.0
107.1289 43.0
107.1496 51.0
107.1704 55.0
107.1911 38.0
107.2118 36.0
107.2326 56.0
107.2533 51.0
107.274 48.0
107.2948 57.0
107.3155 57.0
107.3362 52.0
107.357 46.0
107.3777 59.0
107.3984 47.0
107.4192 46.0
107.4399 53.0
107.4607 45.0
107.4814 43.0
107.5021 49.0
107.5229 46.0
107.5436 44.0
107.5643 51.0
107.5851 52.0
107.6058 30.0
107.6265 37.0
107.6473 43.0
107.668 46.0
107.6887 46.0
107.7095 50.0
107.7302 48.0
107.751 44.0
107.7717 48.0
107.7924 39.0
107.8132 48.0
107.8339 49.0
107.8546 54.0
107.8754 46.0
107.8961 48.0
107.9168 52.0
107.9376 45.0
107.9583 45.0
107.979 44.0
107.9998 38.0
108.0205 44.0
108.0413 40.0
108.062 48.0
108.0827 45.0
108.1035 42.0
108.1242 52.0
108.1449 45.0
108.1657 53.0
108.1864 46.0
108.2071 55.0
108.2279 47.0
108.2486 48.0
108.2693 53.0
108.2901 53.0
108.3108 44.0
108.3316 38.0
108.3523 45.0
108.373 49.0
108.3938 54.0
108.4145 58.0
108.4352 47.0
108.456 51.0
108.4767 47.0
108.4974 41.0
108.5182 51.0
108.5389 49.0
108.5597 53.0
108.5804 55.0
108.6011 46.0
108.6219 43.0
108.6426 50.0
108.6633 38.0
108.6841 53.0
108.7048 52.0
108.7255 44.0
108.7463 39.0
108.767 55.0
108.7878 45.0
108.8085 45.0
108.8292 46.0
108.85 45.0
108.8707 50.0
108.8914 51.0
108.9122 45.0
108.9329 46.0
108.9536 42.0
108.9744 46.0
108.9951 48.0
109.0159 40.0
109.0366 40.0
109.0573 43.0
109.0781 44.0
109.0988 50.0
109.1195 45.0
109.1403 46.0
109.161 44.0
109.1818 58.0
109.2025 42.0
109.2232 45.0
109.244 42.0
109.2647 53.0
109.2854 47.0
109.3062 43.0
109.3269 49.0
109.3476 45.0
109.3684 43.0
109.3891 41.0
109.4099 46.0
109.4306 52.0
109.4513 43.0
109.4721 58.0
109.4928 56.0
109.5135 52.0
109.5343 55.0
109.555 61.0
109.5758 47.0
109.5965 36.0
109.6172 36.0
109.638 42.0
109.6587 49.0
109.6794 45.0
109.7002 47.0
109.7209 51.0
109.7416 57.0
109.7624 54.0
109.7831 51.0
109.8039 58.0
109.8246 58.0
109.8453 54.0
109.8661 52.0
109.8868 57.0
109.9075 59.0
109.9283 61.0
109.949 55.0
109.9698 55.0
109.9905 49.0
110.0112 41.0
110.032 42.0
110.0527 40.0
110.0734 50.0
110.0942 51.0
110.1149 48.0
110.1357 45.0
110.1564 52.0
110.1771 46.0
110.1979 49.0
110.2186 44.0
110.2393 45.0
110.2601 51.0
110.2808 48.0
110.3016 55.0
110.3223 52.0
110.343 44.0
110.3638 49.0
110.3845 47.0
110.4052 51.0
110.426 56.0
110.4467 59.0
110.4675 66.0
110.4882 47.0
110.5089 46.0
110.5297 50.0
110.5504 47.0
110.5711 54.0
110.5919 52.0
110.6126 43.0
110.6334 50.0
110.6541 54.0
110.6748 52.0
110.6956 50.0
110.7163 51.0
110.737 48.0
110.7578 51.0
110.7785 54.0
110.7993 52.0
110.82 58.0
110.8407 48.0
110.8615 57.0
110.8822 65.0
110.9029 68.0
110.9237 75.0
110.9444 86.0
110.9652 110.0
110.9859 85.0
111.0066 69.0
111.0274 65.0
111.0481 57.0
111.0689 54.0
111.0896 54.0
111.1103 47.0
111.1311 46.0
111.1518 51.0
111.1725 53.0
111.1933 51.0
111.214 57.0
111.2348 49.0
111.2555 58.0
111.2762 53.0
111.297 58.0
111.3177 56.0
111.3384 66.0
111.3592 74.0
111.3799 65.0
111.4007 54.0
111.4214 60.0
111.4421 63.0
111.4629 62.0
111.4836 62.0
111.5044 53.0
111.5251 45.0
111.5458 54.0
111.5666 48.0
111.5873 57.0
111.608 57.0
111.6288 41.0
111.6495 44.0
111.6703 41.0
111.691 47.0
111.7117 38.0
111.7325 43.0
111.7532 55.0
111.774 41.0
111.7947 45.0
111.8154 56.0
111.8362 53.0
111.8569 57.0
111.8776 61.0
111.8984 48.0
111.9191 54.0
111.9399 47.0
111.9606 47.0
111.9813 52.0
112.0021 52.0
112.0228 41.0
112.0436 37.0
112.0643 47.0
112.085 51.0
112.1058 49.0
112.1265 60.0
112.1472 47.0
112.168 45.0
112.1887 50.0
112.2095 48.0
112.2302 51.0
112.2509 52.0
112.2717 53.0
112.2924 56.0
112.3132 61.0
112.3339 64.0
112.3546 64.0
112.3754 61.0
112.3961 58.0
112.4169 41.0
112.4376 45.0
112.4583 40.0
112.4791 51.0
112.4998 50.0
112.5205 55.0
112.5413 53.0
112.562 58.0
112.5828 47.0
112.6035 36.0
112.6242 51.0
112.645 47.0
112.6657 46.0
112.6865 42.0
112.7072 44.0
112.7279 57.0
112.7487 58.0
112.7694 57.0
112.7902 46.0
112.8109 42.0
112.8316 42.0
112.8524 48.0
112.8731 44.0
112.8939 44.0
112.9146 61.0
112.9353 55.0
112.9561 49.0
112.9768 40.0
112.9975 55.0
113.0183 46.0
113.039 50.0
113.0598 56.0
113.0805 55.0
113.1012 51.0
113.122 54.0
113.1427 52.0
113.1635 48.0
113.1842 52.0
113.2049 45.0
113.2257 56.0
113.2464 57.0
113.2672 64.0
113.2879 56.0
113.3086 50.0
113.3294 53.0
113.3501 49.0
113.3709 53.0
113.3916 45.0
113.4123 49.0
113.4331 55.0
113.4538 55.0
113.4746 52.0
113.4953 62.0
113.516 46.0
113.5368 62.0
113.5575 58.0
113.5783 42.0
113.599 50.0
113.6197 54.0
113.6405 55.0
113.6612 52.0
113.682 54.0
113.7027 43.0
113.7234 55.0
113.7442 49.0
113.7649 50.0
113.7857 61.0
113.8064 52.0
113.8271 47.0
113.8479 55.0
113.8686 50.0
113.8894 48.0
113.9101 52.0
113.9308 51.0
113.9516 65.0
113.9723 68.0
113.9931 74.0
114.0138 83.0
114.0345 91.0
114.0553 84.0
114.076 81.0
114.0968 78.0
114.1175 56.0
114.1382 54.0
114.159 58.0
114.1797 55.0
114.2005 57.0
114.2212 60.0
114.2419 48.0
114.2627 56.0
114.2834 66.0
114.3042 62.0
114.3249 60.0
114.3456 52.0
114.3664 62.0
114.3871 51.0
114.4079 67.0
114.4286 72.0
114.4493 68.0
114.4701 76.0
114.4908 74.0
114.5116 66.0
114.5323 62.0
114.553 55.0
114.5738 54.0
114.5945 43.0
114.6153 50.0
114.636 48.0
114.6567 43.0
114.6775 46.0
114.6982 55.0
114.719 60.0
114.7397 56.0
114.7604 48.0
114.7812 51.0
114.8019 40.0
114.8227 38.0
114.8434 46.0
114.8641 48.0
114.8849 54.0
114.9056 52.0
114.9264 51.0
114.9471 51.0
114.9678 40.0
114.9886 50.0
115.0093 57.0
115.0301 49.0
115.0508 55.0
115.0715 59.0
115.0923 60.0
115.113 52.0
115.1338 44.0
115.1545 43.0
115.1753 56.0
115.196 54.0
115.2167 53.0
115.2375 52.0
115.2582 56.0
115.279 51.0
115.2997 46.0
115.3204 44.0
115.3412 51.0
115.3619 63.0
115.3827 63.0
115.4034 63.0
115.4241 56.0
115.4449 58.0
115.4656 55.0
115.4864 66.0
115.5071 59.0
115.5278 50.0
115.5486 56.0
115.5693 55.0
115.5901 49.0
115.6108 49.0
115.6316 53.0
115.6523 70.0
115.673 57.0
115.6938 47.0
115.7145 50.0
115.7353 48.0
115.756 53.0
115.7767 59.0
115.7975 59.0
115.8182 47.0
115.839 53.0
115.8597 55.0
115.8804 47.0
115.9012 55.0
115.9219 57.0
115.9427 78.0
115.9634 77.0
115.9842 86.0
116.0049 96.0
116.0256 105.0
116.0464 116.0
116.0671 133.0
116.0879 138.0
116.1086 116.0
116.1293 95.0
116.1501 87.0
116.1708 71.0
116.1916 67.0
116.2123 60.0
116.233 52.0
116.2538 51.0
116.2745 78.0
116.2953 60.0
116.316 56.0
116.3368 60.0
116.3575 58.0
116.3782 82.0
116.399 94.0
116.4197 93.0
116.4405 106.0
116.4612 143.0
116.4819 185.0
116.5027 254.0
116.5234 329.0
116.5442 392.0
116.5649 432.0
116.5857 401.0
116.6064 299.0
116.6271 238.0
116.6479 163.0
116.6686 131.0
116.6894 113.0
116.7101 93.0
116.7308 79.0
116.7516 80.0
116.7723 70.0
116.7931 72.0
116.8138 72.0
116.8346 65.0
116.8553 72.0
116.876 78.0
116.8968 81.0
116.9175 89.0
116.9383 106.0
116.959 123.0
116.9797 162.0
117.0005 183.0
117.0212 225.0
117.042 211.0
117.0627 182.0
117.0835 151.0
117.1042 121.0
117.1249 94.0
117.1457 94.0
117.1664 80.0
117.1872 73.0
117.2079 72.0
117.2287 70.0
117.2494 56.0
117.2701 61.0
117.2909 57.0
117.3116 43.0
117.3324 65.0
117.3531 63.0
117.3738 55.0
117.3946 54.0
117.4153 47.0
117.4361 49.0
117.4568 54.0
117.4776 58.0
117.4983 57.0
117.519 48.0
117.5398 44.0
117.5605 50.0
117.5813 44.0
117.602 49.0
117.6228 47.0
117.6435 57.0
117.6642 53.0
117.685 52.0
117.7057 55.0
117.7265 56.0
117.7472 63.0
117.7679 82.0
117.7887 86.0
117.8094 85.0
117.8302 93.0
117.8509 94.0
117.8717 59.0
117.8924 72.0
117.9131 58.0
117.9339 59.0
117.9546 72.0
117.9754 64.0
117.9961 47.0
118.0169 56.0
118.0376 52.0
118.0583 58.0
118.0791 64.0
118.0998 51.0
118.1206 48.0
118.1413 53.0
118.1621 54.0
118.1828 74.0
118.2035 73.0
118.2243 60.0
118.245 62.0
118.2658 68.0
118.2865 68.0
118.3073 68.0
118.328 73.0
118.3487 76.0
118.3695 74.0
118.3902 65.0
118.411 60.0
118.4317 58.0
118.4525 58.0
118.4732 57.0
118.4939 46.0
118.5147 59.0
118.5354 47.0
118.5562 61.0
118.5769 61.0
118.5977 60.0
118.6184 66.0
118.6391 57.0
118.6599 58.0
118.6806 56.0
118.7014 51.0
118.7221 57.0
118.7429 44.0
118.7636 54.0
118.7843 54.0
118.8051 55.0
118.8258 58.0
118.8466 52.0
118.8673 54.0
118.8881 55.0
118.9088 55.0
118.9295 51.0
118.9503 52.0
118.971 55.0
118.9918 59.0
119.0125 52.0
119.0333 50.0
119.054 64.0
119.0747 57.0
119.0955 56.0
119.1162 50.0
119.137 49.0
119.1577 53.0
119.1785 52.0
119.1992 52.0
119.2199 54.0
119.2407 61.0
119.2614 53.0
119.2822 59.0
119.3029 55.0
119.3237 63.0
119.3444 50.0
119.3651 53.0
119.3859 47.0
119.4066 59.0
119.4274 53.0
119.4481 50.0
119.4689 58.0
119.4896 51.0
119.5103 50.0
119.5311 51.0
119.5518 44.0
119.5726 50.0
119.5933 61.0
119.6141 57.0
119.6348 55.0
119.6556 65.0
119.6763 61.0
119.697 58.0
119.7178 59.0
119.7385 52.0
119.7593 63.0
119.78 55.0
119.8008 50.0
119.8215 51.0
119.8422 49.0
119.863 57.0
119.8837 48.0
119.9045 48.0
119.9252 43.0
119.946 51.0
119.9667 54.0
119.9874 62.0
120.0082 67.0
120.0289 57.0
120.0497 52.0
120.0704 53.0
120.0912 59.0
120.1119 57.0
120.1327 57.0
120.1534 49.0
120.1741 47.0
120.1949 54.0
120.2156 53.0
120.2364 52.0
120.2571 50.0
120.2779 53.0
120.2986 51.0
120.3193 51.0
120.3401 56.0
120.3608 56.0
120.3816 43.0
120.4023 54.0
120.4231 58.0
120.4438 57.0
120.4646 70.0
120.4853 64.0
120.506 60.0
120.5268 46.0
120.5475 51.0
120.5683 58.0
120.589 53.0
120.6098 42.0
120.6305 43.0
120.6513 48.0
120.672 51.0
120.6927 49.0
120.7135 59.0
120.7342 59.0
120.755 56.0
120.7757 63.0
120.7965 47.0
120.8172 51.0
120.8379 50.0
120.8587 57.0
120.8794 61.0
120.9002 61.0
120.9209 49.0
120.9417 52.0
120.9624 47.0
120.9832 58.0
121.0039 59.0
121.0246 48.0
121.0454 39.0
121.0661 48.0
121.0869 65.0
121.1076 58.0
121.1284 65.0
121.1491 62.0
121.1699 52.0
121.1906 69.0
121.2113 64.0
121.2321 55.0
121.2528 55.0
121.2736 66.0
121.2943 71.0
121.3151 59.0
121.3358 53.0
121.3566 56.0
121.3773 62.0
121.398 55.0
121.4188 60.0
121.4395 45.0
121.4603 64.0
121.481 64.0
121.5018 52.0
121.5225 55.0
121.5433 66.0
121.564 61.0
121.5847 61.0
121.6055 60.0
121.6262 54.0
121.647 52.0
121.6677 51.0
121.6885 57.0
121.7092 58.0
121.73 61.0
121.7507 57.0
121.7714 49.0
121.7922 53.0
121.8129 45.0
121.8337 55.0
121.8544 63.0
121.8752 57.0
121.8959 53.0
121.9167 53.0
121.9374 52.0
121.9581 74.0
121.9789 84.0
121.9996 76.0
122.0204 84.0
122.0411 80.0
122.0619 60.0
122.0826 70.0
122.1034 64.0
122.1241 70.0
122.1449 67.0
122.1656 56.0
122.1863 56.0
122.2071 61.0
122.2278 52.0
122.2486 49.0
122.2693 50.0
122.2901 51.0
122.3108 61.0
122.3316 54.0
122.3523 54.0
122.373 57.0
122.3938 52.0
122.4145 54.0
122.4353 70.0
122.456 57.0
122.4768 63.0
122.4975 51.0
122.5183 46.0
122.539 49.0
122.5598 69.0
122.5805 66.0
122.6012 62.0
122.622 63.0
122.6427 55.0
122.6635 63.0
122.6842 59.0
122.705 62.0
122.7257 63.0
122.7465 51.0
122.7672 42.0
122.7879 53.0
122.8087 49.0
122.8294 53.0
122.8502 71.0
122.8709 73.0
122.8917 68.0
122.9124 54.0
122.9332 47.0
122.9539 45.0
122.9747 57.0
122.9954 65.0
123.0161 65.0
123.0369 66.0
123.0576 70.0
123.0784 51.0
123.0991 61.0
123.1199 49.0
123.1406 42.0
123.1614 53.0
123.1821 54.0
123.2029 55.0
123.2236 59.0
123.2443 53.0
123.2651 57.0
123.2858 60.0
123.3066 58.0
123.3273 58.0
123.3481 55.0
123.3688 55.0
123.3896 52.0
123.4103 59.0
123.4311 53.0
123.4518 56.0
123.4725 60.0
123.4933 56.0
123.514 57.0
123.5348 53.0
123.5555 61.0
123.5763 49.0
123.597 56.0
123.6178 57.0
123.6385 55.0
123.6593 52.0
123.68 45.0
123.7007 56.0
123.7215 66.0
123.7422 61.0
123.763 55.0
123.7837 50.0
123.8045 69.0
123.8252 55.0
123.846 54.0
123.8667 56.0
123.8875 63.0
123.9082 63.0
123.929 54.0
123.9497 61.0
123.9704 51.0
123.9912 53.0
124.0119 59.0
124.0327 64.0
124.0534 61.0
124.0742 56.0
124.0949 61.0
124.1157 62.0
124.1364 55.0
124.1572 51.0
124.1779 60.0
124.1986 68.0
124.2194 62.0
124.2401 57.0
124.2609 46.0
124.2816 47.0
124.3024 54.0
124.3231 56.0
124.3439 58.0
124.3646 56.0
124.3854 58.0
124.4061 62.0
124.4269 55.0
124.4476 56.0
124.4683 65.0
124.4891 66.0
124.5098 72.0
124.5306 74.0
124.5513 80.0
124.5721 83.0
124.5928 81.0
124.6136 69.0
124.6343 64.0
124.6551 67.0
124.6758 68.0
124.6966 73.0
124.7173 57.0
124.738 66.0
124.7588 62.0
124.7795 63.0
124.8003 64.0
124.821 59.0
124.8418 55.0
124.8625 54.0
124.8833 60.0
124.904 55.0
124.9248 56.0
124.9455 53.0
124.9663 60.0
124.987 61.0
125.0077 59.0
125.0285 66.0
125.0492 67.0
125.07 71.0
125.0907 69.0
125.1115 64.0
125.1322 65.0
125.153 75.0
125.1737 63.0
125.1945 53.0
125.2152 54.0
125.236 58.0
125.2567 60.0
125.2775 62.0
125.2982 67.0
125.3189 53.0
125.3397 55.0
125.3604 49.0
125.3812 50.0
125.4019 58.0
125.4227 65.0
125.4434 57.0
125.4642 56.0
125.4849 64.0
125.5057 60.0
125.5264 57.0
125.5472 59.0
125.5679 58.0
125.5887 65.0
125.6094 60.0
125.6301 57.0
125.6509 55.0
125.6716 68.0
125.6924 62.0
125.7131 59.0
125.7339 67.0
125.7546 54.0
125.7754 65.0
125.7961 70.0
125.8169 67.0
125.8376 54.0
125.8584 59.0
125.8791 52.0
125.8999 51.0
125.9206 63.0
125.9413 61.0
125.9621 53.0
125.9828 69.0
126.0036 72.0
126.0243 67.0
126.0451 62.0
126.0658 62.0
126.0866 59.0
126.1073 53.0
126.1281 59.0
126.1488 61.0
126.1696 54.0
126.1903 57.0
126.2111 64.0
126.2318 59.0
126.2526 60.0
126.2733 62.0
126.294 78.0
126.3148 74.0
126.3355 69.0
126.3563 60.0
126.377 52.0
126.3978 57.0
126.4185 59.0
126.4393 62.0
126.46 62.0
126.4808 56.0
126.5015 59.0
126.5223 57.0
126.543 53.0
126.5638 60.0
126.5845 59.0
126.6053 67.0
126.626 73.0
126.6467 54.0
126.6675 58.0
126.6882 71.0
126.709 65.0
126.7297 46.0
126.7505 46.0
126.7712 50.0
126.792 58.0
126.8127 63.0
126.8335 57.0
126.8542 62.0
126.875 58.0
126.8957 55.0
126.9165 64.0
126.9372 70.0
126.958 59.0
126.9787 59.0
126.9995 59.0
127.0202 56.0
127.0409 49.0
127.0617 66.0
127.0824 58.0
127.1032 55.0
127.1239 61.0
127.1447 67.0
127.1654 67.0
127.1862 51.0
127.2069 54.0
127.2277 53.0
127.2484 58.0
127.2692 54.0
127.2899 60.0
127.3107 66.0
127.3314 65.0
127.3522 67.0
127.3729 75.0
127.3937 60.0
127.4144 68.0
127.4351 78.0
127.4559 87.0
127.4766 89.0
127.4974 94.0
127.5181 107.0
127.5389 120.0
127.5596 145.0
127.5804 186.0
127.6011 221.0
127.6219 250.0
127.6426 252.0
127.6634 236.0
127.6841 208.0
127.7049 188.0
127.7256 139.0
127.7464 115.0
127.7671 105.0
127.7879 93.0
127.8086 79.0
127.8294 66.0
127.8501 67.0
127.8708 75.0
127.8916 74.0
127.9123 69.0
127.9331 67.0
127.9538 68.0
127.9746 75.0
127.9953 68.0
128.0161 69.0
128.0368 70.0
128.0576 77.0
128.0783 96.0
128.0991 83.0
128.1198 94.0
128.1406 104.0
128.1613 126.0
128.1821 148.0
128.2028 149.0
128.2236 157.0
128.2443 146.0
128.2651 137.0
128.2858 123.0
128.3066 123.0
128.3273 110.0
128.3481 95.0
128.3688 76.0
128.3895 75.0
128.4103 84.0
128.431 66.0
128.4518 70.0
128.4725 70.0
128.4933 57.0
128.514 51.0
128.5348 72.0
128.5555 73.0
128.5763 57.0
128.597 65.0
128.6178 70.0
128.6385 57.0
128.6593 61.0
128.68 69.0
128.7008 62.0
128.7215 61.0
128.7423 61.0
128.763 68.0
128.7838 64.0
128.8045 57.0
128.8253 51.0
128.846 55.0
128.8668 57.0
128.8875 56.0
128.9083 59.0
128.929 82.0
128.9497 58.0
128.9705 62.0
128.9912 65.0
129.012 61.0
129.0327 58.0
129.0535 69.0
129.0742 57.0
129.095 58.0
129.1157 69.0
129.1365 66.0
129.1572 62.0
129.178 65.0
129.1987 62.0
129.2195 63.0
129.2402 65.0
129.261 60.0
129.2817 57.0
129.3025 62.0
129.3232 69.0
129.344 59.0
129.3647 62.0
129.3855 58.0
129.4062 57.0
129.427 64.0
129.4477 68.0
129.4685 60.0
129.4892 65.0
129.51 70.0
129.5307 72.0
129.5515 76.0
129.5722 68.0
129.593 68.0
129.6137 56.0
129.6344 62.0
129.6552 85.0
129.6759 92.0
129.6967 94.0
129.7174 101.0
129.7382 118.0
129.7589 121.0
129.7797 159.0
129.8004 179.0
129.8212 197.0
129.8419 185.0
129.8627 162.0
129.8834 139.0
129.9042 122.0
129.9249 106.0
129.9457 88.0
129.9664 89.0
129.9872 85.0
130.0079 70.0
130.0287 62.0
130.0494 64.0
130.0702 67.0
130.0909 68.0
130.1117 79.0
130.1324 79.0
130.1532 80.0
130.1739 69.0
130.1947 74.0
130.2154 77.0
130.2362 80.0
130.2569 89.0
130.2777 74.0
130.2984 80.0
130.3192 71.0
130.3399 84.0
130.3607 98.0
130.3814 111.0
130.4022 124.0
130.4229 131.0
130.4437 120.0
130.4644 118.0
130.4852 107.0
130.5059 102.0
130.5266 89.0
130.5474 95.0
130.5681 85.0
130.5889 78.0
130.6096 71.0
130.6304 66.0
130.6511 59.0
130.6719 76.0
130.6926 79.0
130.7134 77.0
130.7341 80.0
130.7549 62.0
130.7756 81.0
130.7964 84.0
130.8171 80.0
130.8379 84.0
130.8586 79.0
130.8794 87.0
130.9001 100.0
130.9209 114.0
130.9416 158.0
130.9624 196.0
130.9831 224.0
131.0039 261.0
131.0246 285.0
131.0454 304.0
131.0661 288.0
131.0869 269.0
131.1076 225.0
131.1284 188.0
131.1491 164.0
131.1699 131.0
131.1906 110.0
131.2114 90.0
131.2321 88.0
131.2529 82.0
131.2736 92.0
131.2944 81.0
131.3151 71.0
131.3359 87.0
131.3566 72.0
131.3774 68.0
131.3981 72.0
131.4189 73.0
131.4396 79.0
131.4604 82.0
131.4811 65.0
131.5019 88.0
131.5226 101.0
131.5434 96.0
131.5641 109.0
131.5849 114.0
131.6056 118.0
131.6264 148.0
131.6471 169.0
131.6679 184.0
131.6886 163.0
131.7094 160.0
131.7301 154.0
131.7509 135.0
131.7716 128.0
131.7924 100.0
131.8131 92.0
131.8339 88.0
131.8546 73.0
131.8754 57.0
131.8961 68.0
131.9169 72.0
131.9376 77.0
131.9584 70.0
131.9791 70.0
131.9999 69.0
132.0206 79.0
132.0414 68.0
132.0621 69.0
132.0829 64.0
132.1036 64.0
132.1244 72.0
132.1451 65.0
132.1659 66.0
132.1866 72.0
132.2074 71.0
132.2281 68.0
132.2489 66.0
132.2696 55.0
132.2904 58.0
132.3111 55.0
132.3319 58.0
132.3526 73.0
132.3733 44.0
132.3941 61.0
132.4148 62.0
132.4356 69.0
132.4563 57.0
132.4771 63.0
132.4978 68.0
132.5186 60.0
132.5393 70.0
132.5601 77.0
132.5808 85.0
132.6016 77.0
132.6223 74.0
132.6431 63.0
132.6638 70.0
132.6846 67.0
132.7053 67.0
132.7261 66.0
132.7468 72.0
132.7676 83.0
132.7883 61.0
132.8091 61.0
132.8298 65.0
132.8506 75.0
132.8713 64.0
132.8921 63.0
132.9128 62.0
132.9336 64.0
132.9543 67.0
132.9751 54.0
132.9958 54.0
133.0166 64.0
133.0373 70.0
133.0581 76.0
133.0788 71.0
133.0996 75.0
133.1203 69.0
133.1411 67.0
133.1619 59.0
133.1826 56.0
133.2034 67.0
133.2241 67.0
133.2449 69.0
133.2656 68.0
133.2864 69.0
133.3071 61.0
133.3279 67.0
133.3486 66.0
133.3694 70.0
133.3901 68.0
133.4109 63.0
133.4316 61.0
133.4524 67.0
133.4731 69.0
133.4939 75.0
133.5146 73.0
133.5354 78.0
133.5561 71.0
133.5769 72.0
133.5976 75.0
133.6184 68.0
133.6391 59.0
133.6599 64.0
133.6806 57.0
133.7014 63.0
133.7221 66.0
133.7429 53.0
133.7636 67.0
133.7844 66.0
133.8051 83.0
133.8259 63.0
133.8466 63.0
133.8674 54.0
133.8881 58.0
133.9089 57.0
133.9296 63.0
133.9504 63.0
133.9711 67.0
133.9919 62.0
134.0126 68.0
134.0334 70.0
134.0541 66.0
134.0749 59.0
134.0956 51.0
134.1164 60.0
134.1371 62.0
134.1579 65.0
134.1786 66.0
134.1994 76.0
134.2201 76.0
134.2409 67.0
134.2616 67.0
134.2824 61.0
134.3031 68.0
134.3239 64.0
134.3446 66.0
134.3654 58.0
134.3861 63.0
134.4069 67.0
134.4276 76.0
134.4484 59.0
134.4691 52.0
134.4899 68.0
134.5106 72.0
134.5314 61.0
134.5521 72.0
134.5729 59.0
134.5936 65.0
134.6144 61.0
134.6351 61.0
134.6559 53.0
134.6766 59.0
134.6974 66.0
134.7181 69.0
134.7389 67.0
134.7596 52.0
134.7804 65.0
134.8011 61.0
134.8219 60.0
134.8426 61.0
134.8634 59.0
134.8841 58.0
134.9049 64.0
134.9256 63.0
134.9464 53.0
134.9671 53.0
134.9879 63.0
135.0086 69.0
135.0294 76.0
135.0502 58.0
135.0709 71.0
135.0917 74.0
135.1124 66.0
135.1332 64.0
135.1539 60.0
135.1747 72.0
135.1954 69.0
135.2162 70.0
135.2369 72.0
135.2577 77.0
135.2784 69.0
135.2992 71.0
135.3199 68.0
135.3407 56.0
135.3614 64.0
135.3822 53.0
135.4029 65.0
135.4237 75.0
135.4444 83.0
135.4652 71.0
135.4859 72.0
135.5067 67.0
135.5274 66.0
135.5482 60.0
135.5689 65.0
135.5897 73.0
135.6104 65.0
135.6312 63.0
135.6519 61.0
135.6727 69.0
135.6934 74.0
135.7142 72.0
135.7349 69.0
135.7557 81.0
135.7764 80.0
135.7972 76.0
135.8179 73.0
135.8387 85.0
135.8594 100.0
135.8802 100.0
135.9009 112.0
135.9217 130.0
135.9424 141.0
135.9632 163.0
135.984 174.0
136.0047 194.0
136.0255 206.0
136.0462 199.0
136.067 168.0
136.0877 167.0
136.1085 152.0
136.1292 124.0
136.15 106.0
136.1707 109.0
136.1915 101.0
136.2122 73.0
136.233 89.0
136.2537 84.0
136.2745 82.0
136.2952 82.0
136.316 74.0
136.3367 81.0
136.3575 79.0
136.3782 73.0
136.399 84.0
136.4197 78.0
136.4405 79.0
136.4612 72.0
136.482 74.0
136.5027 76.0
136.5235 75.0
136.5442 76.0
136.565 72.0
136.5857 87.0
136.6065 101.0
136.6272 87.0
136.648 111.0
136.6687 117.0
136.6895 116.0
136.7103 124.0
136.731 134.0
136.7518 118.0
136.7725 140.0
136.7933 129.0
136.814 111.0
136.8348 103.0
136.8555 86.0
136.8763 78.0
136.897 80.0
136.9178 66.0
136.9385 58.0
136.9593 70.0
136.98 66.0
137.0008 78.0
137.0215 72.0
137.0423 69.0
137.063 76.0
137.0838 75.0
137.1045 70.0
137.1253 75.0
137.146 68.0
137.1668 71.0
137.1875 79.0
137.2083 64.0
137.229 69.0
137.2498 68.0
137.2705 73.0
137.2913 49.0
137.3121 70.0
137.3328 67.0
137.3536 60.0
137.3743 62.0
137.3951 67.0
137.4158 64.0
137.4366 82.0
137.4573 81.0
137.4781 77.0
137.4988 74.0
137.5196 72.0
137.5403 65.0
137.5611 64.0
137.5818 69.0
137.6026 59.0
137.6233 56.0
137.6441 62.0
137.6648 67.0
137.6856 75.0
137.7063 74.0
137.7271 65.0
137.7478 66.0
137.7686 69.0
137.7893 60.0
137.8101 64.0
137.8308 69.0
137.8516 80.0
137.8724 70.0
137.8931 71.0
137.9139 58.0
137.9346 66.0
137.9554 75.0
137.9761 75.0
137.9969 78.0
138.0176 82.0
138.0384 72.0
138.0591 69.0
138.0799 75.0
138.1006 64.0
138.1214 62.0
138.1421 61.0
138.1629 69.0
138.1836 69.0
138.2044 70.0
138.2251 72.0
138.2459 64.0
138.2666 70.0
138.2874 65.0
138.3081 62.0
138.3289 59.0
138.3496 72.0
138.3704 73.0
138.3912 68.0
138.4119 71.0
138.4327 65.0
138.4534 64.0
138.4742 67.0
138.4949 80.0
138.5157 76.0
138.5364 67.0
138.5572 64.0
138.5779 60.0
138.5987 55.0
138.6194 70.0
138.6402 69.0
138.6609 56.0
138.6817 52.0
138.7024 54.0
138.7232 75.0
138.7439 68.0
138.7647 78.0
138.7854 72.0
138.8062 76.0
138.827 78.0
138.8477 70.0
138.8685 67.0
138.8892 60.0
138.91 60.0
138.9307 66.0
138.9515 55.0
138.9722 56.0
138.993 65.0
139.0137 71.0
139.0345 76.0
139.0552 81.0
139.076 67.0
139.0967 62.0
139.1175 69.0
139.1382 75.0
139.159 67.0
139.1797 70.0
139.2005 78.0
139.2212 65.0
139.242 63.0
139.2628 72.0
139.2835 74.0
139.3043 79.0
139.325 78.0
139.3458 71.0
139.3665 68.0
